1	3764.57	102.141	0	2.02088e+06	995213	0	0	2.62209e+06	399.326	5.64245e+06	37.263
2	335.333	119.385	0	6061.97	0	0	0	0	485.258	7001.95	37.263
3	328.083	119.423	0	5771.44	0	0	0	0	484.652	6703.6	37.263
4	300.383	119.572	0	4720.23	0	0	0	0	482.307	5622.5	37.263
5	189.111	120.596	0	1054.77	0	0	0	0	466.196	1830.67	37.263
6	152.07	121.175	0	343.725	0	0	0	0	453.717	1070.69	37.263
7	123.836	121.691	0	96.3659	0	0	0	0	438.85	780.743	37.263
8	101.359	122.131	0	29.9948	0	0	0	0	421.055	674.54	37.263
9	75.0839	122.671	0	8.35656	0	0	0	0	393.865	599.976	37.263
10	52.035	123.323	0	3.30972	0	0	0	0	358.047	536.714	37.263
11	41.2768	124.675	0	32.1379	0	0	0	0	281.867	479.956	37.263
12	43.6819	126.257	0	9.04881	0	0	0	0	246.043	425.031	37.263
13	48.0923	127.416	0	4.14255	0	0	0	0	224.841	404.492	37.263
14	57.2662	129.714	0	0.623855	0	0	0	0	191.615	379.219	37.263
15	48.5707	132.535	0	2.79657	0	0	0	0	162.581	346.483	37.263
16	47.219	134.764	0	0.242977	0	0	0	0	148.795	331.022	37.263
17	45.3475	136.121	0	0.0805869	0	0	0	0	142.512	324.06	37.263
18	34.8695	138.764	0	1.68338	0	0	0	0	135.451	310.768	37.263
19	30.0062	140.986	0	0.667771	0	0	0	0	135.991	307.651	37.263
20	29.8461	139.801	0	0	0	0	0	0	134.985	304.632	37.263
21	28.3228	139.14	0	0	0	0	0	0	135.443	302.906	37.263
22	20.6499	138.519	0	1.17352	0	0	0	0	137.743	298.085	37.263
23	19.7378	139.311	0	2.06852e-05	0	0	0	0	136.776	295.825	37.263
24	18.3002	139.511	0	0	0	0	0	0	137.081	294.893	37.263
25	16.2908	141.01	0	0.0351519	0	0	0	0	131.248	288.584	37.263
26	14.3565	141.879	0	0	0	0	0	0	126.323	282.558	37.263
27	14.2125	142.808	0	0	0	0	0	0	122.579	279.599	37.263
28	15.1424	141.481	0	0	0	0	0	0	121.165	277.788	37.263
29	15.7866	140.471	0	0.0015982	0	0	0	0	119.925	276.184	37.263
30	19.4212	139.466	0	31.3791	0	0	0	0	116.366	306.632	37.263
31	16.1464	140.273	0	0.10744	0	0	0	0	118.96	275.487	37.263
32	16.8542	139.35	0	0.057466	0	0	0	0	117.479	273.741	37.263
33	18.0346	138.618	0	0.0166254	0	0	0	0	116.657	273.327	37.263
34	16.752	139.233	0	0.00301962	0	0	0	0	116.475	272.463	37.263
35	16.785	139.132	0	0.0116508	0	0	0	0	116.26	272.188	37.263
36	16.9053	138.967	0	0.000122295	0	0	0	0	115.919	271.791	37.263
37	17.0047	138.616	0	0	0	0	0	0	115.797	271.418	37.263
38	16.6245	137.891	0	0.0235953	0	0	0	0	116.689	271.228	37.263
39	16.1731	137.531	0	0	0	0	0	0	116.876	270.58	37.263
40	16.086	137.558	0	3.45335e-05	0	0	0	0	116.87	270.514	37.263
41	16.0009	137.445	0	0.0124021	0	0	0	0	117.022	270.48	37.263
42	15.9778	137.376	0	0.00709789	0	0	0	0	117.095	270.456	37.263
43	15.9381	137.018	0	0.00563661	0	0	0	0	117.448	270.41	37.263
44	16.0803	136.791	0	0.00565923	0	0	0	0	117.501	270.379	37.263
45	16.1681	136.346	0	0.00948199	0	0	0	0	117.832	270.356	37.263
46	16.2597	136.274	0	0.0135143	0	0	0	0	117.785	270.332	37.263
47	16.3158	136.249	0	0.0121249	0	0	0	0	117.742	270.319	37.263
48	16.4746	136	0	0.011257	0	0	0	0	117.804	270.29	37.263
49	16.4731	135.697	0	0.00917691	0	0	0	0	118.091	270.27	37.263
50	16.6062	135.396	0	0.00684939	0	0	0	0	118.257	270.266	37.263
51	16.5193	135.452	0	0.0082494	0	0	0	0	118.274	270.254	37.263
52	16.5197	135.443	0	0.0071331	0	0	0	0	118.281	270.25	37.263
53	16.5813	135.336	0	0.0105608	0	0	0	0	118.319	270.246	37.263
54	16.6435	135.275	0	0.00466729	0	0	0	0	118.321	270.245	37.263
55	16.6632	135.256	0	0.00689761	0	0	0	0	118.317	270.243	37.263
56	16.7028	135.215	0	0.00931609	0	0	0	0	118.314	270.242	37.263
57	16.7272	135.188	0	0.010162	0	0	0	0	118.315	270.241	37.263
58	16.7452	135.143	0	0.0110979	0	0	0	0	118.34	270.239	37.263
59	16.7833	135.08	0	0.0110667	0	0	0	0	118.363	270.237	37.263
60	16.7812	135.036	0	0.0114873	0	0	0	0	118.408	270.237	37.263
61	16.7718	135.049	0	0.0109347	0	0	0	0	118.404	270.236	37.263
62	16.7785	135.059	0	0.0106589	0	0	0	0	118.387	270.235	37.263
1	2707.79	102.045	0	684479	95011.6	0	0	1.78224e+06	301.646	2.56484e+06	22.7023
2	331.57	119.201	0	6623.96	0	0	0	0	308.915	7383.65	22.7023
3	318.904	119.28	0	6041.11	0	0	0	0	305.355	6784.65	22.7023
4	272.001	119.599	0	4096.08	0	0	0	0	291.679	4779.36	22.7023
5	183.731	120.595	0	958.928	0	0	0	0	256.248	1519.5	22.7023
6	147.566	121.155	0	320.566	0	0	0	0	241.047	830.333	22.7023
7	117.907	121.674	0	99.0138	0	0	0	0	226.043	564.637	22.7023
8	89.3175	122.194	0	26.4232	0	0	0	0	209.153	447.088	22.7023
9	60.3845	122.686	0	6.4161	0	0	0	0	192.826	382.313	22.7023
10	38.0724	123.129	0	2.73934	0	0	0	0	176.325	340.265	22.7023
11	19.6879	124.117	0	16.5013	0	0	0	0	143.889	304.195	22.7023
12	14.11	125.257	0	3.15767	0	0	0	0	129.743	272.268	22.7023
13	14.0918	126.11	0	1.72742	0	0	0	0	120.061	261.99	22.7023
14	15.3989	127.716	0	0.737537	0	0	0	0	105.644	249.496	22.7023
15	12.8063	130.349	0	16.921	0	0	0	0	93.6072	253.683	22.7023
16	9.75599	128.951	0	1.70872	0	0	0	0	98.6065	239.022	22.7023
17	9.77234	129.967	0	0.469595	0	0	0	0	93.7349	233.944	22.7023
18	10.0371	130.996	0	0.132477	0	0	0	0	89.5506	230.716	22.7023
19	8.8652	132.51	0	0.346181	0	0	0	0	84.1004	225.822	22.7023
20	8.13454	134.338	0	0	0	0	0	0	79.5756	222.048	22.7023
21	6.94915	134.774	0	0.000993342	0	0	0	0	78.8181	220.543	22.7023
22	4.9203	135.067	0	1.65581	0	0	0	0	78.4981	220.142	22.7023
23	5.98738	134.89	0	0.0788451	0	0	0	0	78.5815	219.538	22.7023
24	4.43689	134.73	0	0.335231	0	0	0	0	78.769	218.271	22.7023
25	3.66686	134.576	0	0.0138314	0	0	0	0	79.0205	217.277	22.7023
26	3.24506	135.126	0	0.00432076	0	0	0	0	77.9903	216.365	22.7023
27	2.85041	136.641	0	0	0	0	0	0	74.6258	214.117	22.7023
28	3.20572	137.508	0	0.108636	0	0	0	0	71.419	212.241	22.7023
29	2.92867	138.227	0	0.0103817	0	0	0	0	70.2526	211.419	22.7023
30	3.07178	138.224	0	0.0466611	0	0	0	0	69.7786	211.121	22.7023
31	3.40119	137.999	0	0.0138953	0	0	0	0	69.2271	210.641	22.7023
32	3.62001	137.861	0	0.00464194	0	0	0	0	68.6768	210.163	22.7023
33	3.69159	137.479	0	0.00947518	0	0	0	0	68.595	209.775	22.7023
34	3.57305	137.251	0	0.00487078	0	0	0	0	68.6696	209.499	22.7023
35	3.39183	137.314	0	2.34749e-06	0	0	0	0	68.6384	209.345	22.7023
36	3.29407	137.245	0	0	0	0	0	0	68.6621	209.202	22.7023
37	3.35556	137.234	0	0	0	0	0	0	68.5074	209.097	22.7023
38	3.44776	137.242	0	0	0	0	0	0	68.3234	209.013	22.7023
39	3.48928	137.171	0	0	0	0	0	0	68.2999	208.96	22.7023
40	3.45847	136.997	0	0	0	0	0	0	68.4248	208.881	22.7023
41	3.30542	136.522	0	0.00362776	0	0	0	0	68.9733	208.804	22.7023
42	3.1697	136.316	0	0.0100753	0	0	0	0	69.2333	208.729	22.7023
43	3.09011	136.286	0	0.000755416	0	0	0	0	69.3216	208.698	22.7023
44	3.0227	136.132	0	0.00377771	0	0	0	0	69.5244	208.683	22.7023
45	3.0479	135.975	0	0.00546751	0	0	0	0	69.6319	208.66	22.7023
46	3.15003	135.465	0	0.0119112	0	0	0	0	69.9902	208.617	22.7023
47	3.2774	134.985	0	0.00953288	0	0	0	0	70.3234	208.595	22.7023
48	3.25002	134.923	0	0.00676098	0	0	0	0	70.3895	208.569	22.7023
49	3.18738	134.583	0	0.00583895	0	0	0	0	70.7571	208.533	22.7023
50	3.13954	134.285	0	0.00448856	0	0	0	0	71.0852	208.514	22.7023
51	3.1214	133.767	0	0.0073195	0	0	0	0	71.6048	208.5	22.7023
52	3.08035	133.552	0	0.00550195	0	0	0	0	71.8355	208.473	22.7023
53	3.09078	133.467	0	0.00714359	0	0	0	0	71.8944	208.459	22.7023
54	3.12201	133.198	0	0.0072112	0	0	0	0	72.1116	208.439	22.7023
55	3.2251	132.957	0	0.0832155	0	0	0	0	72.2383	208.503	22.7023
56	3.13574	133.152	0	0.0133689	0	0	0	0	72.1344	208.435	22.7023
57	3.15674	133.005	0	0.0128789	0	0	0	0	72.2541	208.429	22.7023
58	3.16665	132.927	0	0.012299	0	0	0	0	72.3174	208.423	22.7023
59	3.17181	132.823	0	0.00933718	0	0	0	0	72.4141	208.418	22.7023
60	3.14681	132.841	0	0.0121905	0	0	0	0	72.4186	208.419	22.7023
61	3.16042	132.83	0	0.0103954	0	0	0	0	72.4155	208.417	22.7023
62	3.15704	132.827	0	0.00919701	0	0	0	0	72.4223	208.416	22.7023
63	3.15614	132.838	0	0.00886278	0	0	0	0	72.4122	208.415	22.7023
64	3.15895	132.844	0	0.00870155	0	0	0	0	72.4027	208.415	22.7023
65	3.16806	132.844	0	0.00898938	0	0	0	0	72.3928	208.414	22.7023
1	4.57648	127.659	0	0	0	0	0	0	327.016	459.252	35.2724
2	1282.22	122.558	0	25402.3	250895	0	0	128265	420.415	406387	35.2724
3	76.2222	125.948	0	0	0	0	0	0	265.654	467.824	35.2724
4	13.8765	126.834	0	0	0	0	0	0	288.601	429.311	35.2724
5	10.818	126.574	0	0	0	0	0	0	257.336	394.729	35.2724
6	39.7406	125.211	0	0	0	0	0	0	188.163	353.114	35.2724
7	11.1084	125.921	0	0	0	0	0	0	174.496	311.526	35.2724
8	6.90368	126.069	0	0	0	0	0	0	171.592	304.565	35.2724
9	6.8138	126.209	0	0	0	0	0	0	164.154	297.177	35.2724
10	9.91382	126.555	0	0	0	0	0	0	148.081	284.55	35.2724
11	12.217	127.146	0	0	0	0	0	0	125.652	265.015	35.2724
12	18.321	129.307	0	0	0	0	0	0	84.7615	232.39	35.2724
13	10.2982	130.431	0	142.282	0	0	0	0	72.8191	355.83	35.2724
14	11.0303	129.654	0	0	0	0	0	0	78.1815	218.866	35.2724
15	5.76184	129.62	0	0.0486077	0	0	0	0	63.6035	199.034	35.2724
16	4.37314	129.517	0	4.80381	0	0	0	0	59.5849	198.278	35.2724
17	5.08973	129.586	0	0.0172079	0	0	0	0	61.9924	196.685	35.2724
18	4.36128	129.725	0	224.294	0	0	0	0	57.341	415.721	35.2724
19	4.6754	129.593	0	0.338419	0	0	0	0	61.2682	195.875	35.2724
20	2.61695	128.925	0	0.839191	0	0	0	0	61.0313	193.412	35.2724
21	2.78744	129.206	0	0.00629611	0	0	0	0	58.5637	190.564	35.2724
22	3.14082	129.852	0	0.00980868	0	0	0	0	55.3546	188.357	35.2724
23	14.4214	129.397	0	0	0	0	0	0	50.1358	193.954	35.2724
24	3.93972	129.645	0	0	0	0	0	0	51.4975	185.082	35.2724
25	2.87679	129.356	0	0	0	0	0	0	47.412	179.645	35.2724
26	4.78244	128.683	0	0	0	0	0	0	40.9104	174.376	35.2724
27	3.02572	128.822	0	0	0	0	0	0	39.8793	171.727	35.2724
28	2.58924	128.78	0	0	0	0	0	0	38.6459	170.015	35.2724
29	2.89925	128.788	0	0	0	0	0	0	37.5064	169.194	35.2724
30	2.5446	128.659	0	0	0	0	0	0	37.1205	168.324	35.2724
31	2.73255	128.508	0	0	0	0	0	0	36.6281	167.869	35.2724
32	2.91653	128.248	0	0	0	0	0	0	36.0044	167.169	35.2724
33	2.87377	127.958	0	0	0	0	0	0	35.9568	166.788	35.2724
34	2.96628	127.727	0	0.723592	0	0	0	0	36.0502	167.467	35.2724
35	2.80569	127.876	0	0.000391984	0	0	0	0	35.97	166.653	35.2724
36	2.78105	127.816	0	0.0328215	0	0	0	0	35.9821	166.612	35.2724
37	2.79444	127.838	0	0	0	0	0	0	36.1787	166.811	35.2724
38	2.76452	127.821	0	0.00383669	0	0	0	0	35.9993	166.588	35.2724
39	2.74654	127.825	0	0.00387789	0	0	0	0	35.9945	166.57	35.2724
40	2.74786	127.808	0	0.00396309	0	0	0	0	35.9963	166.556	35.2724
41	2.77537	127.764	0	0.004904	0	0	0	0	35.9936	166.538	35.2724
42	2.83978	127.682	0	0.0109308	0	0	0	0	35.9891	166.521	35.2724
43	2.87091	127.618	0	0.012844	0	0	0	0	36.0156	166.518	35.2724
44	2.86088	127.648	0	0.00865833	0	0	0	0	35.9908	166.508	35.2724
45	2.86529	127.643	0	0.0096753	0	0	0	0	35.9879	166.506	35.2724
46	2.87146	127.627	0	0.010462	0	0	0	0	35.9931	166.502	35.2724
47	2.87418	127.6	0	0.01123	0	0	0	0	36.0134	166.499	35.2724
48	2.86809	127.573	0	0.0108977	0	0	0	0	36.0472	166.499	35.2724
49	2.87042	127.586	0	0.0110594	0	0	0	0	36.0299	166.498	35.2724
50	2.87073	127.579	0	0.0129236	0	0	0	0	36.0343	166.497	35.2724
51	2.87684	127.572	0	0.0111968	0	0	0	0	36.0368	166.497	35.2724
52	2.88115	127.571	0	0.0112035	0	0	0	0	36.0332	166.496	35.2724
1	6.4465	127.388	0	0.000967706	0	0	0	0	277.747	411.582	29.5308
2	2895.77	119.877	0	171541	1.48647e+06	0	0	383940	594.455	2.04556e+06	29.5308
3	94.0247	125.087	0	0.155334	0	0	0	0	229.521	448.788	29.5308
4	8.44147	126.445	0	0	0	0	0	0	249.704	384.591	29.5308
5	7.94037	126.037	0	0	0	0	0	0	223.937	357.914	29.5308
6	34.653	123.827	0	0	0	0	0	0	137.604	296.084	29.5308
7	20.5275	124.671	0	0.0315353	0	0	0	0	123.049	268.278	29.5308
8	8.74128	125.103	0	0	0	0	0	0	121.388	255.232	29.5308
9	7.10369	125.333	0	0	0	0	0	0	115.902	248.338	29.5308
10	7.53539	125.914	0	0	0	0	0	0	105.857	239.306	29.5308
11	7.50808	126.793	0	0	0	0	0	0	93.104	227.405	29.5308
12	5.93442	129.216	0	0	0	0	0	0	64.9192	200.07	29.5308
13	36.0886	132.441	0	612.071	0	0	0	0	61.0963	841.697	29.5308
14	3.82981	130.013	0	0	0	0	0	0	57.1736	191.017	29.5308
15	2.33226	130.664	0	0	0	0	0	0	47.1114	180.108	29.5308
16	3.13133	130.316	0	0	0	0	0	0	38.7273	172.174	29.5308
17	4.51919	129.654	0	49.778	0	0	0	0	34.757	218.708	29.5308
18	3.00674	130.179	0	0.0426554	0	0	0	0	37.5351	170.764	29.5308
19	3.3873	128.753	0	0	0	0	0	0	34.6379	166.778	29.5308
20	3.35248	127.918	0	0.191354	0	0	0	0	30.995	162.456	29.5308
21	2.70647	126.398	0	0	0	0	0	0	29.2567	158.362	29.5308
22	1.64742	125.834	0	0	0	0	0	0	28.9354	156.417	29.5308
23	1.48495	125.29	0	0	0	0	0	0	28.0832	154.859	29.5308
24	1.54448	123.963	0	2.25818	0	0	0	0	25.4772	153.243	29.5308
25	1.45402	124.757	0	0.0464954	0	0	0	0	26.6527	152.91	29.5308
26	2.45297	123.231	0	0.560027	0	0	0	0	24.7953	151.04	29.5308
27	1.53811	124.168	0	0.00635618	0	0	0	0	25.2402	150.953	29.5308
28	2.65766	123.1	0	38.4737	0	0	0	0	24.1143	188.346	29.5308
29	1.58108	123.972	0	0.119088	0	0	0	0	24.6474	150.32	29.5308
30	2.03288	123.492	0	0.171073	0	0	0	0	23.8386	149.535	29.5308
31	2.07163	123.857	0	0	0	0	0	0	23.5185	149.447	29.5308
32	1.92945	123.905	0	1.0543e-07	0	0	0	0	23.3769	149.211	29.5308
33	1.94907	123.881	0	0.0254133	0	0	0	0	23.2355	149.091	29.5308
34	1.86711	123.967	0	0.0403566	0	0	0	0	23.1048	148.979	29.5308
35	1.90819	123.977	0	0.00885294	0	0	0	0	23.0524	148.947	29.5308
36	1.91166	123.985	0	0.0206533	0	0	0	0	23.0109	148.928	29.5308
37	1.88291	124.039	0	0.025808	0	0	0	0	22.9581	148.906	29.5308
38	1.79806	124.188	0	0.0230014	0	0	0	0	22.858	148.867	29.5308
39	1.77145	124.29	0	0.020216	0	0	0	0	22.774	148.856	29.5308
40	1.74522	124.348	0	0.0175395	0	0	0	0	22.7337	148.845	29.5308
41	1.73134	124.403	0	0.014376	0	0	0	0	22.6885	148.837	29.5308
42	1.73393	124.456	0	0.0143635	0	0	0	0	22.6292	148.834	29.5308
43	1.73278	124.511	0	0.0140962	0	0	0	0	22.573	148.831	29.5308
44	1.73688	124.57	0	0.0142506	0	0	0	0	22.5079	148.829	29.5308
45	1.74583	124.695	0	0.0148266	0	0	0	0	22.37	148.826	29.5308
46	1.74393	124.87	0	0.0309963	0	0	0	0	22.1875	148.832	29.5308
47	1.74445	124.738	0	0.0180296	0	0	0	0	22.3242	148.825	29.5308
48	1.74985	124.804	0	0.0150589	0	0	0	0	22.255	148.824	29.5308
49	1.7527	124.829	0	0.0134995	0	0	0	0	22.2282	148.823	29.5308
50	1.75573	124.84	0	0.0127256	0	0	0	0	22.2142	148.823	29.5308
51	1.76092	124.853	0	0.0124514	0	0	0	0	22.1954	148.822	29.5308
1	8.69926	119.657	0	0.002115	0	0	0	0	185.66	314.019	27.6638
2	8596.13	114.572	0	4.84324e+06	3.04167e+06	0	0	4.31995e+06	588.193	1.22142e+07	27.6638
3	205.5	118.032	0	7.2185	0	0	0	0	165.065	495.816	27.6638
4	3.96386	119.273	0	0.112371	0	0	0	0	176.395	299.744	27.6638
5	4.10693	119.138	0	0	0	0	0	0	167.204	290.449	27.6638
6	7.89527	118.586	0	0	0	0	0	0	131.295	257.776	27.6638
7	40.9084	118.023	0	0	0	0	0	0	81.2256	240.157	27.6638
8	14.7727	118.692	0	0	0	0	0	0	76.1585	209.623	27.6638
9	9.1405	119.101	0	0	0	0	0	0	75.8258	204.068	27.6638
10	7.01932	119.723	0	0	0	0	0	0	71.6982	198.441	27.6638
11	5.27929	120.783	0	0	0	0	0	0	62.7171	188.779	27.6638
12	3.02884	123.363	0	0	0	0	0	0	42.6233	169.015	27.6638
13	4.89849	123.934	0	0	0	0	0	0	27.6216	156.454	27.6638
14	2.51989	123.758	0	0	0	0	0	0	23.7302	150.008	27.6638
15	1.73381	122.549	0	0	0	0	0	0	22.1041	146.387	27.6638
16	1.87865	121.217	0	0.00101011	0	0	0	0	20.931	144.028	27.6638
17	1.82324	119.843	0	0.0316958	0	0	0	0	20.0775	141.775	27.6638
18	2.35667	117.241	0	0	0	0	0	0	21.033	140.631	27.6638
19	1.28072	117.419	0	0	0	0	0	0	18.926	137.626	27.6638
20	1.1938	117.78	0	5.83228	0	0	0	0	16.9064	141.712	27.6638
21	1.20562	117.527	0	0.0663145	0	0	0	0	18.1973	136.996	27.6638
22	1.31208	118.201	0	0.0676732	0	0	0	0	16.1281	135.709	27.6638
23	1.09939	117.817	0	0.00724981	0	0	0	0	15.6933	134.617	27.6638
24	1.34474	117.195	0	0.277482	0	0	0	0	15.434	134.252	27.6638
25	1.5566	116.812	0	0.00753898	0	0	0	0	15.4565	133.833	27.6638
26	1.48996	116.805	0	0.0124069	0	0	0	0	15.3128	133.62	27.6638
27	1.59123	116.68	0	0.0640158	0	0	0	0	14.9874	133.323	27.6638
28	1.65959	116.664	0	0.0214105	0	0	0	0	14.8001	133.145	27.6638
29	1.70983	116.716	0	0.0236576	0	0	0	0	14.5339	132.983	27.6638
30	1.67583	116.832	0	0.0469969	0	0	0	0	14.3063	132.861	27.6638
31	1.59218	116.993	0	0.026626	0	0	0	0	14.1897	132.801	27.6638
32	1.54342	117.014	0	0.0283075	0	0	0	0	14.1803	132.766	27.6638
33	1.48506	117.033	0	0.0318163	0	0	0	0	14.1862	132.736	27.6638
34	1.46664	117.05	0	0.0287188	0	0	0	0	14.1813	132.727	27.6638
35	1.40969	117.207	0	0.0157757	0	0	0	0	14.081	132.713	27.6638
36	1.37918	117.26	0	0.0262187	0	0	0	0	14.04	132.705	27.6638
37	1.38912	117.267	0	0.0212779	0	0	0	0	14.0211	132.699	27.6638
38	1.38924	117.303	0	0.016242	0	0	0	0	13.9846	132.693	27.6638
39	1.38845	117.329	0	0.0168876	0	0	0	0	13.9546	132.688	27.6638
40	1.37788	117.356	0	0.0178493	0	0	0	0	13.9342	132.685	27.6638
41	1.37235	117.359	0	0.0202306	0	0	0	0	13.9322	132.683	27.6638
42	1.36894	117.361	0	0.0209309	0	0	0	0	13.932	132.683	27.6638
43	1.35975	117.378	0	0.0204479	0	0	0	0	13.9231	132.682	27.6638
44	1.35336	117.429	0	0.0224306	0	0	0	0	13.8772	132.682	27.6638
45	1.35676	117.4	0	0.0211699	0	0	0	0	13.9035	132.681	27.6638
46	1.35032	117.426	0	0.0195067	0	0	0	0	13.8848	132.681	27.6638
47	1.3475	117.458	0	0.0184674	0	0	0	0	13.8557	132.68	27.6638
48	1.34924	117.494	0	0.0153397	0	0	0	0	13.8207	132.68	27.6638
49	1.34908	117.513	0	0.0178013	0	0	0	0	13.7993	132.679	27.6638
50	1.35056	117.512	0	0.0186107	0	0	0	0	13.7975	132.679	27.6638
1	11.8091	117.339	0	0.220385	0	0	0	0	137.068	266.436	35.8921
2	11265.8	113.629	0	1.25848e+07	2.3366e+06	0	0	5.71508e+06	1043.32	2.06489e+07	35.8921
3	306.994	115.94	0	370.528	0	0	0	0	136.68	930.142	35.8921
4	5.30916	116.964	0	0	0	0	0	0	128.28	250.553	35.8921
5	2.20735	116.925	0	0	0	0	0	0	123.027	242.158	35.8921
6	4.05038	116.431	0	0	0	0	0	0	99.3564	219.838	35.8921
7	8.11529	116.213	0	0	0	0	0	0	81.2415	205.57	35.8921
8	18.837	116.44	0	0	0	0	0	0	45.4592	180.737	35.8921
9	32.8667	117.229	0	0	0	0	0	0	35.737	185.833	35.8921
10	15.4546	116.784	0	0	0	0	0	0	36.5821	168.821	35.8921
11	8.35801	117.25	0	0	0	0	0	0	33.14	158.748	35.8921
12	5.99314	117.806	0	0	0	0	0	0	29.9938	153.793	35.8921
13	5.05039	118.301	0	0	0	0	0	0	26.5604	149.911	35.8921
14	2.33283	119.642	0	0	0	0	0	0	19.2311	141.206	35.8921
15	0.771469	120.094	0	0	0	0	0	0	15.036	135.902	35.8921
16	0.66748	119.625	0	0	0	0	0	0	13.7116	134.004	35.8921
17	1.02905	118.821	0	0	0	0	0	0	12.7404	132.591	35.8921
18	1.39523	117.241	0	11.132	0	0	0	0	12.0959	141.864	35.8921
19	1.07826	118.444	0	0.0631628	0	0	0	0	12.4626	132.048	35.8921
20	2.71874	115.041	0	0.0024874	0	0	0	0	14.6758	132.438	35.8921
21	1.27741	116.821	0	0	0	0	0	0	12.3891	130.488	35.8921
22	1.12647	116.252	0	0.0105043	0	0	0	0	12.2103	129.599	35.8921
23	1.2488	115.904	0	0.216747	0	0	0	0	11.8663	129.236	35.8921
24	1.44813	115.844	0	0.00393818	0	0	0	0	11.6816	128.978	35.8921
25	1.31644	115.864	0	0.0143541	0	0	0	0	11.569	128.764	35.8921
26	1.17699	115.618	0	0.118693	0	0	0	0	11.1491	128.063	35.8921
27	1.19787	115.398	0	0.027402	0	0	0	0	10.9574	127.581	35.8921
28	1.40432	114.57	0	0.109258	0	0	0	0	11.0311	127.114	35.8921
29	1.45673	114.177	0	0.0605807	0	0	0	0	11.1049	126.8	35.8921
30	1.46393	114.174	0	0.0374724	0	0	0	0	11.0499	126.725	35.8921
31	1.48981	114.07	0	0.0453514	0	0	0	0	11.0277	126.633	35.8921
32	1.52164	113.951	0	0.0368174	0	0	0	0	11.0042	126.513	35.8921
33	1.51468	113.906	0	0.0410585	0	0	0	0	10.9767	126.439	35.8921
34	1.49623	113.954	0	0.0542822	0	0	0	0	10.8527	126.357	35.8921
35	1.48874	114.137	0	0.0130153	0	0	0	0	10.653	126.292	35.8921
36	1.43392	114.319	0	0.0248555	0	0	0	0	10.4794	126.257	35.8921
37	1.41096	114.406	0	0.0300586	0	0	0	0	10.3945	126.242	35.8921
38	1.38324	114.519	0	0.028369	0	0	0	0	10.2974	126.228	35.8921
39	1.33235	114.698	0	0.0266406	0	0	0	0	10.1451	126.203	35.8921
40	1.27783	114.956	0	0.0228439	0	0	0	0	9.93861	126.195	35.8921
41	1.2304	115.056	0	0.020723	0	0	0	0	9.85837	126.165	35.8921
42	1.23962	114.985	0	0.0209003	0	0	0	0	9.91166	126.157	35.8921
43	1.23813	114.984	0	0.0220893	0	0	0	0	9.90836	126.152	35.8921
44	1.23733	115.004	0	0.0210918	0	0	0	0	9.88845	126.15	35.8921
45	1.24065	115.022	0	0.0278406	0	0	0	0	9.85836	126.149	35.8921
46	1.24552	115.035	0	0.0208509	0	0	0	0	9.84602	126.147	35.8921
47	1.2477	115.029	0	0.021691	0	0	0	0	9.84814	126.147	35.8921
48	1.2556	115.01	0	0.0226735	0	0	0	0	9.85795	126.147	35.8921
49	1.25463	115.019	0	0.0249028	0	0	0	0	9.84802	126.146	35.8921
1	15.1527	114.897	0	0.422974	0	0	0	0	102.961	233.434	10.8151
2	14783.3	112.84	0	3.74594e+07	436984	0	0	8.3338e+06	1442.86	4.62465e+07	10.8151
3	448.943	113.869	0	1641.22	0	0	0	0	120.36	2324.4	10.8151
4	4.07179	114.669	0	0	0	0	0	0	96.7254	215.466	10.8151
5	2.21372	114.58	0	0	0	0	0	0	92.5775	209.371	10.8151
6	4.19712	114.014	0	0.129343	0	0	0	0	71.5425	189.883	10.8151
7	10.131	113.87	0	0	0	0	0	0	58.037	182.037	10.8151
8	10.1129	113.892	0	0	0	0	0	0	47.1205	171.126	10.8151
9	8.48362	114.492	0	0	0	0	0	0	24.3489	147.325	10.8151
10	6.62483	115.099	0	0	0	0	0	0	17.2252	138.949	10.8151
11	4.28118	115.996	0	0	0	0	0	0	13.0154	133.293	10.8151
12	2.06195	116.738	0	0	0	0	0	0	9.90287	128.703	10.8151
13	0.917272	117.104	0	0	0	0	0	0	8.43306	126.454	10.8151
14	0.729852	117.006	0	0	0	0	0	0	8.04733	125.783	10.8151
15	0.665215	116.786	0	0	0	0	0	0	7.8232	125.274	10.8151
16	0.79783	115.233	0	0.115805	0	0	0	0	7.44835	123.595	10.8151
17	1.06017	114.694	0	0	0	0	0	0	8.17756	123.932	10.8151
18	0.767815	115.045	0	0	0	0	0	0	7.55942	123.372	10.8151
19	0.672826	114.868	0	0	0	0	0	0	7.4356	122.976	10.8151
20	0.793354	114.379	0	0	0	0	0	0	7.44405	122.616	10.8151
21	0.938461	113.912	0	0.331461	0	0	0	0	7.40376	122.586	10.8151
22	0.8301	114.229	0	0.00485659	0	0	0	0	7.41999	122.484	10.8151
23	1.00874	113.568	0	1.4241	0	0	0	0	7.33376	123.334	10.8151
24	0.860971	114.013	0	0.064327	0	0	0	0	7.37345	122.311	10.8151
25	1.02621	113.604	0	0.0512155	0	0	0	0	7.32093	122.002	10.8151
26	1.22736	113.092	0	0.0708362	0	0	0	0	7.38191	121.773	10.8151
27	1.22009	112.897	0	0.00833722	0	0	0	0	7.37539	121.501	10.8151
28	1.28489	112.357	0	0.044284	0	0	0	0	7.58943	121.276	10.8151
29	1.2791	112.189	0	0.047122	0	0	0	0	7.68906	121.204	10.8151
30	1.25084	112.318	0	0.0120076	0	0	0	0	7.59015	121.171	10.8151
31	1.26322	112.259	0	0.0300231	0	0	0	0	7.59759	121.15	10.8151
32	1.29986	112.141	0	0.0564129	0	0	0	0	7.63115	121.129	10.8151
33	1.32564	112.081	0	0.0618309	0	0	0	0	7.63687	121.105	10.8151
34	1.36032	112.034	0	0.0535129	0	0	0	0	7.58216	121.03	10.8151
35	1.55371	112.007	0	0.0156413	0	0	0	0	7.56693	121.143	10.8151
36	1.38566	112.027	0	0.0312107	0	0	0	0	7.56991	121.014	10.8151
37	1.36074	112.099	0	0.0239874	0	0	0	0	7.51929	121.003	10.8151
38	1.33972	112.186	0	0.0182323	0	0	0	0	7.43913	120.983	10.8151
39	1.29212	112.369	0	0.0167296	0	0	0	0	7.27342	120.951	10.8151
40	1.22176	112.635	0	0.0145862	0	0	0	0	7.07384	120.945	10.8151
41	1.21209	112.623	0	0.0193902	0	0	0	0	7.06719	120.922	10.8151
42	1.22055	112.57	0	0.0246154	0	0	0	0	7.10017	120.915	10.8151
43	1.21834	112.547	0	0.0289514	0	0	0	0	7.11449	120.909	10.8151
44	1.22774	112.534	0	0.0264812	0	0	0	0	7.11867	120.907	10.8151
45	1.21802	112.555	0	0.0255602	0	0	0	0	7.1049	120.903	10.8151
46	1.21254	112.572	0	0.0251692	0	0	0	0	7.09086	120.9	10.8151
47	1.20765	112.597	0	0.023866	0	0	0	0	7.06886	120.897	10.8151
48	1.21448	112.59	0	0.023351	0	0	0	0	7.06706	120.895	10.8151
49	1.2087	112.593	0	0.0395731	0	0	0	0	7.05626	120.898	10.8151
50	1.21312	112.591	0	0.0261838	0	0	0	0	7.06477	120.895	10.8151
51	1.21611	112.59	0	0.0252561	0	0	0	0	7.06322	120.895	10.8151
52	1.21553	112.593	0	0.0250305	0	0	0	0	7.06051	120.894	10.8151
1	19.3455	112.414	0	0.469096	0	0	0	0	76.4109	208.639	19.7653
2	19897.5	110.48	0	1.08501e+08	0	0	0	1.18329e+07	2003.54	1.20356e+08	19.7653
3	580.85	111.378	0	3415.92	0	0	0	0	104.705	4212.86	19.7653
4	4.27732	112.189	0	0.876137	0	0	0	0	70.8116	188.154	19.7653
5	1.8619	112.231	0	0	0	0	0	0	67.9571	182.05	19.7653
6	1.26358	112.137	0	0	0	0	0	0	63.9808	177.381	19.7653
7	2.98308	111.906	0	0.0555251	0	0	0	0	51.8459	166.791	19.7653
8	7.73001	111.938	0	0	0	0	0	0	40.4624	160.131	19.7653
9	9.37379	112.315	0	0	0	0	0	0	29.0871	150.776	19.7653
10	8.29652	113.299	0	0	0	0	0	0	16.3806	137.976	19.7653
11	4.48317	115.178	0	0	0	0	0	0	7.04403	126.706	19.7653
12	7.36378	116.449	0	0	0	0	0	0	5.90427	129.717	19.7653
13	3.27998	115.666	0	0	0	0	0	0	5.6703	124.616	19.7653
14	2.07239	116.096	0	0	0	0	0	0	4.75306	122.921	19.7653
15	1.52159	116.22	0	0	0	0	0	0	4.29476	122.036	19.7653
16	1.05173	116.032	0	0	0	0	0	0	3.81891	120.903	19.7653
17	2.48965	114.423	0	0	0	0	0	0	4.07671	120.99	19.7653
18	1.14763	115.235	0	0	0	0	0	0	3.80554	120.188	19.7653
19	0.831769	114.402	0	0	0	0	0	0	3.84884	119.082	19.7653
20	0.728696	112.92	0	1.15535	0	0	0	0	4.35759	119.161	19.7653
21	0.75295	113.584	0	0.000284236	0	0	0	0	4.05622	118.394	19.7653
22	0.770587	110.932	0	46.4111	0	0	0	0	5.21168	163.326	19.7653
23	0.72504	113.155	0	0.115694	0	0	0	0	4.15959	118.155	19.7653
24	3.65459	108.713	0	3.47107	0	0	0	0	8.20606	124.045	19.7653
25	0.946218	111.305	0	0.00244187	0	0	0	0	4.92377	117.178	19.7653
26	0.91612	110.982	0	0.0137905	0	0	0	0	5.04413	116.956	19.7653
27	0.903357	110.907	0	0.134491	0	0	0	0	4.99433	116.939	19.7653
28	0.89704	110.949	0	0.0331721	0	0	0	0	5.01924	116.898	19.7653
29	0.882553	111.071	0	0.0165595	0	0	0	0	4.83304	116.803	19.7653
30	0.968948	110.89	0	0.0251591	0	0	0	0	4.78297	116.667	19.7653
31	1.05931	110.621	0	0.0108863	0	0	0	0	4.81648	116.507	19.7653
32	1.20468	110.16	0	0.0980981	0	0	0	0	5.0606	116.524	19.7653
33	1.11381	110.393	0	0.0235209	0	0	0	0	4.92813	116.458	19.7653
34	1.1294	110.231	0	0.0480846	0	0	0	0	5.01609	116.425	19.7653
35	1.11631	110.253	0	0.0326367	0	0	0	0	5.00776	116.41	19.7653
36	1.11176	110.234	0	0.0259882	0	0	0	0	5.01935	116.391	19.7653
37	1.11985	110.197	0	0.0258896	0	0	0	0	5.02051	116.363	19.7653
38	1.30801	109.845	0	0.056152	0	0	0	0	5.21146	116.42	19.7653
39	1.16536	110.101	0	0.0208532	0	0	0	0	5.0681	116.356	19.7653
40	1.17295	110.094	0	0.024211	0	0	0	0	5.05626	116.348	19.7653
41	1.17091	110.103	0	0.0275686	0	0	0	0	5.04453	116.346	19.7653
42	1.1676	110.127	0	0.0289331	0	0	0	0	5.01877	116.342	19.7653
43	1.16261	110.147	0	0.0305371	0	0	0	0	4.99845	116.339	19.7653
44	1.15696	110.19	0	0.0252913	0	0	0	0	4.96048	116.333	19.7653
45	1.14994	110.218	0	0.0264416	0	0	0	0	4.93215	116.326	19.7653
46	1.15865	110.219	0	0.0218603	0	0	0	0	4.91922	116.318	19.7653
47	1.20166	110.116	0	0.0326452	0	0	0	0	4.96029	116.31	19.7653
48	1.21217	110.121	0	0.0198601	0	0	0	0	4.95284	116.306	19.7653
49	1.20757	110.116	0	0.024328	0	0	0	0	4.95535	116.303	19.7653
50	1.20778	110.109	0	0.0285598	0	0	0	0	4.95695	116.302	19.7653
51	1.21055	110.103	0	0.0307038	0	0	0	0	4.95651	116.301	19.7653
52	1.21344	110.099	0	0.0303255	0	0	0	0	4.95605	116.299	19.7653
53	1.20332	110.117	0	0.0378334	0	0	0	0	4.94401	116.302	19.7653
54	1.20966	110.104	0	0.0321143	0	0	0	0	4.95224	116.298	19.7653
55	1.20493	110.118	0	0.028822	0	0	0	0	4.94536	116.297	19.7653
56	1.19576	110.139	0	0.0260009	0	0	0	0	4.93619	116.297	19.7653
57	1.18683	110.155	0	0.0248146	0	0	0	0	4.92956	116.296	19.7653
58	1.17757	110.167	0	0.0253122	0	0	0	0	4.92606	116.296	19.7653
59	1.1702	110.177	0	0.0264108	0	0	0	0	4.92167	116.296	19.7653
1	24.2131	110.036	0	0.469158	0	0	0	0	56.7068	191.425	24.0972
2	25568.9	108.066	0	2.46355e+08	0	0	0	1.54838e+07	2727.52	2.61867e+08	24.0972
3	702.006	108.961	0	6150.12	0	0	0	12.5162	93.2473	7066.85	24.0972
4	9.76592	109.727	0	24.7161	0	0	0	0	50.6603	194.87	24.0972
5	5.05553	109.874	0	0.736427	0	0	0	0	52.5503	168.217	24.0972
6	1.71115	109.811	0	0.00538262	0	0	0	0	49.1666	160.694	24.0972
7	1.61229	109.637	0	0.00440151	0	0	0	0	45.9692	157.223	24.0972
8	2.4437	109.311	0	0.181291	0	0	0	0	39.3698	151.306	24.0972
9	5.08926	109.13	0	0.0048344	0	0	0	0	30.886	145.11	24.0972
10	8.46747	109.113	0	0	0	0	0	0	22.2987	139.879	24.0972
11	7.08573	109.299	0	0	0	0	0	0	18.2644	134.65	24.0972
12	3.94203	110.089	0	0	0	0	0	0	7.35312	121.384	24.0972
13	3.20471	110.438	0	0	0	0	0	0	5.04535	118.688	24.0972
14	2.71471	110.644	0	0	0	0	0	0	4.19874	117.557	24.0972
15	1.96804	110.907	0	0	0	0	0	0	3.32401	116.199	24.0972
16	1.38634	111.166	0	0	0	0	0	0	2.75738	115.31	24.0972
17	1.02119	110.949	0	0	0	0	0	0	2.62256	114.593	24.0972
18	0.829947	110.528	0	0	0	0	0	0	2.61224	113.97	24.0972
19	0.784977	109.715	0	0.4723	0	0	0	0	2.87495	113.847	24.0972
20	0.806594	110.339	0	0	0	0	0	0	2.64464	113.79	24.0972
21	0.757207	108.346	0	33.3374	0	0	0	0	3.57685	146.018	24.0972
22	0.777116	109.954	0	0.00430154	0	0	0	0	2.72088	113.456	24.0972
23	2.53406	107.961	0	0.876421	0	0	0	0	3.99148	115.363	24.0972
24	1.01212	109.246	0	0.00126927	0	0	0	0	2.85555	113.115	24.0972
25	0.897587	107.795	0	6.52773	0	0	0	0	3.68665	118.907	24.0972
26	0.947858	108.976	0	0.0562053	0	0	0	0	2.96827	112.948	24.0972
27	1.92848	107.379	0	0.129056	0	0	0	0	4.35982	113.797	24.0972
28	0.952717	108.412	0	0.0236128	0	0	0	0	3.28509	112.673	24.0972
29	0.967924	108.307	0	0.0049281	0	0	0	0	3.28448	112.564	24.0972
30	1.01362	108.124	0	0.140168	0	0	0	0	3.31049	112.588	24.0972
31	0.983061	108.22	0	0.0264322	0	0	0	0	3.29262	112.522	24.0972
32	1.00983	108.211	0	0.0216171	0	0	0	0	3.23069	112.473	24.0972
33	1.05009	108.128	0	0.0233745	0	0	0	0	3.25199	112.453	24.0972
34	1.13055	107.954	0	0.0247787	0	0	0	0	3.29594	112.405	24.0972
35	1.17551	107.847	0	0.028333	0	0	0	0	3.31953	112.37	24.0972
36	1.15298	107.823	0	0.0371687	0	0	0	0	3.33724	112.35	24.0972
37	1.11825	107.909	0	0.0251156	0	0	0	0	3.29455	112.347	24.0972
38	1.12196	107.884	0	0.027309	0	0	0	0	3.30814	112.341	24.0972
39	1.12908	107.826	0	0.0371822	0	0	0	0	3.34122	112.334	24.0972
40	1.14136	107.82	0	0.0249747	0	0	0	0	3.34822	112.335	24.0972
41	1.13352	107.824	0	0.0315007	0	0	0	0	3.34379	112.333	24.0972
42	1.13012	107.829	0	0.0288349	0	0	0	0	3.34336	112.331	24.0972
43	1.13038	107.829	0	0.0284931	0	0	0	0	3.34368	112.331	24.0972
44	1.13037	107.828	0	0.027738	0	0	0	0	3.34453	112.331	24.0972
45	1.14162	107.813	0	0.0254271	0	0	0	0	3.35047	112.33	24.0972
1	29.8902	107.669	0	5.91027	0	0	0	0	42.4883	185.958	14.8663
2	16648.4	111.651	0	1.31437e+08	0	0	0	1.09617e+07	5872.72	1.42422e+08	14.8663
3	512.73	108.299	0	3379.91	0	0	0	0	82.7214	4083.66	14.8663
4	7.39701	107.804	0	6.77034	0	0	0	0	36.0325	158.004	14.8663
5	1.70225	108.108	0	0.000806753	0	0	0	0	34.7792	144.59	14.8663
6	1.27817	108.088	0	0.000469745	0	0	0	0	34.4497	143.816	14.8663
7	1.00558	107.937	0	0.166552	0	0	0	0	32.0441	141.153	14.8663
8	1.59169	107.838	0	0.0341901	0	0	0	0	29.1281	138.592	14.8663
9	6.21409	107.484	0	0.150751	0	0	0	0	21.2396	135.088	14.8663
10	4.74275	107.488	0	0	0	0	0	0	18.5167	130.747	14.8663
11	3.82757	107.5	0	0	0	0	0	0	13.8733	125.201	14.8663
12	3.49159	107.698	0	0	0	0	0	0	6.56534	117.755	14.8663
13	3.42144	108.104	0	0	0	0	0	0	4.73609	116.261	14.8663
14	2.69548	108.696	0	0	0	0	0	0	3.44052	114.832	14.8663
15	1.84224	109.327	0	0	0	0	0	0	2.58047	113.75	14.8663
16	1.34807	109.184	0	0	0	0	0	0	2.28713	112.819	14.8663
17	0.935182	108.851	0	0	0	0	0	0	2.15921	111.945	14.8663
18	0.812536	108.054	0	0	0	0	0	0	2.3202	111.187	14.8663
19	1.23328	106.197	0	23.3673	0	0	0	0	3.25973	134.058	14.8663
20	0.72668	107.534	0	0	0	0	0	0	2.45525	110.716	14.8663
21	0.642737	106.008	0	20.6865	0	0	0	0	3.17313	130.51	14.8663
22	0.691616	107.19	0	6.45825e-05	0	0	0	0	2.55042	110.432	14.8663
23	0.672278	104.972	0	157.439	0	0	0	0	3.40188	266.485	14.8663
24	0.673835	106.943	0	0.107124	0	0	0	0	2.59438	110.318	14.8663
25	1.33636	105.327	0	9.26806	0	0	0	0	3.12857	119.06	14.8663
26	0.703774	106.523	0	0.107542	0	0	0	0	2.55786	109.893	14.8663
27	1.12387	106.003	0	0	0	0	0	0	2.58426	109.712	14.8663
28	0.895991	106.113	0	9.76232e-06	0	0	0	0	2.46935	109.478	14.8663
29	0.878242	105.953	0	0.197099	0	0	0	0	2.41761	109.446	14.8663
30	0.873167	106.048	0	0.0138468	0	0	0	0	2.44416	109.379	14.8663
31	0.890121	105.924	0	0.084517	0	0	0	0	2.38587	109.284	14.8663
32	0.945752	105.844	0	0.0574587	0	0	0	0	2.33805	109.186	14.8663
33	0.986875	105.772	0	0.0209386	0	0	0	0	2.36875	109.148	14.8663
34	1.00291	105.698	0	0.0754736	0	0	0	0	2.37334	109.15	14.8663
35	0.99044	105.735	0	0.0341913	0	0	0	0	2.36931	109.129	14.8663
36	0.974724	105.762	0	0.0269782	0	0	0	0	2.3525	109.116	14.8663
37	0.970506	105.761	0	0.0281022	0	0	0	0	2.3423	109.102	14.8663
38	1.0032	105.687	0	0.0297389	0	0	0	0	2.34276	109.062	14.8663
39	1.12086	105.508	0	0.0526566	0	0	0	0	2.37311	109.055	14.8663
40	1.10385	105.484	0	0.0410602	0	0	0	0	2.3692	108.998	14.8663
41	1.11238	105.474	0	0.0359595	0	0	0	0	2.36267	108.985	14.8663
42	1.15919	105.411	0	0.0401577	0	0	0	0	2.36373	108.974	14.8663
43	1.1829	105.405	0	0.0281861	0	0	0	0	2.35157	108.968	14.8663
44	1.18476	105.407	0	0.0325274	0	0	0	0	2.33294	108.957	14.8663
45	1.17106	105.455	0	0.0354838	0	0	0	0	2.27167	108.934	14.8663
46	1.15176	105.501	0	0.0431346	0	0	0	0	2.22587	108.922	14.8663
47	1.13273	105.527	0	0.0321535	0	0	0	0	2.21697	108.909	14.8663
48	1.10498	105.553	0	0.0276396	0	0	0	0	2.21205	108.898	14.8663
49	1.09775	105.557	0	0.0252825	0	0	0	0	2.21268	108.892	14.8663
50	1.0635	105.561	0	0.0742503	0	0	0	0	2.20829	108.907	14.8663
51	1.08221	105.558	0	0.0369542	0	0	0	0	2.20788	108.885	14.8663
52	1.08864	105.534	0	0.0309885	0	0	0	0	2.21659	108.87	14.8663
53	1.11535	105.483	0	0.0295978	0	0	0	0	2.22955	108.858	14.8663
54	1.13058	105.453	0	0.0323072	0	0	0	0	2.23686	108.853	14.8663
55	1.14512	105.43	0	0.034301	0	0	0	0	2.24091	108.851	14.8663
56	1.13997	105.437	0	0.0349353	0	0	0	0	2.23634	108.849	14.8663
57	1.12779	105.458	0	0.0346198	0	0	0	0	2.22558	108.846	14.8663
58	1.11085	105.484	0	0.0348046	0	0	0	0	2.21317	108.843	14.8663
59	1.08846	105.54	0	0.0277903	0	0	0	0	2.19079	108.847	14.8663
60	1.10469	105.498	0	0.0326871	0	0	0	0	2.20765	108.843	14.8663
61	1.09245	105.515	0	0.0320914	0	0	0	0	2.20189	108.841	14.8663
62	1.08763	105.52	0	0.0331672	0	0	0	0	2.19989	108.841	14.8663
63	1.08502	105.525	0	0.0325134	0	0	0	0	2.19865	108.841	14.8663
64	1.08285	105.529	0	0.0322029	0	0	0	0	2.19695	108.841	14.8663
1	35.6869	105.359	0	25.4655	0	0	0	0	32.6523	199.164	17.0756
2	9405.76	112.594	0	2.81377e+07	2.47057e+06	0	0	5.84159e+06	4521.86	3.64639e+07	17.0756
3	333.023	106.793	0	1865.94	0	0	0	0	63.2725	2369.02	17.0756
4	6.86766	105.777	0	9.89965	0	0	0	0	27.3753	149.92	17.0756
5	3.91344	106.074	0	0.0430181	0	0	0	0	26.4181	136.448	17.0756
6	2.64491	106.061	0	0.00426969	0	0	0	0	26.2308	134.941	17.0756
7	1.58858	105.942	0	0.0239633	0	0	0	0	25.4782	133.032	17.0756
8	1.43299	105.809	0	0.086613	0	0	0	0	24.4719	131.801	17.0756
9	2.01944	105.37	0	0.0266443	0	0	0	0	20.9228	128.339	17.0756
10	5.02089	104.817	0	0.112876	0	0	0	0	16.8944	126.845	17.0756
11	3.41689	104.724	0	0	0	0	0	0	15.5209	123.662	17.0756
12	2.80942	104.539	0	0	0	0	0	0	13.1828	120.531	17.0756
13	3.51515	103.995	0	0.241879	0	0	0	0	8.38009	116.132	17.0756
14	2.76156	104.389	0	0	0	0	0	0	7.90318	115.054	17.0756
15	2.53313	104.379	0	0	0	0	0	0	6.68357	113.596	17.0756
16	2.63908	104.369	0	0.166452	0	0	0	0	4.90661	112.081	17.0756
17	2.36793	104.551	0	3.17685e-05	0	0	0	0	4.41828	111.338	17.0756
18	2.2031	104.595	0	0	0	0	0	0	3.71443	110.513	17.0756
19	1.9326	104.519	0	0	0	0	0	0	3.20443	109.656	17.0756
20	1.4093	104.385	0	0	0	0	0	0	3.17078	108.965	17.0756
21	1.12851	104.264	0	0	0	0	0	0	3.04045	108.433	17.0756
22	0.823581	104.08	0	1.92457	0	0	0	0	2.82776	109.656	17.0756
23	0.952879	104.19	0	0	0	0	0	0	2.91887	108.062	17.0756
24	1.02794	103.608	0	25.2212	0	0	0	0	2.58191	132.439	17.0756
25	0.912523	104.09	0	0.0158292	0	0	0	0	2.83638	107.855	17.0756
26	1.9337	103.457	0	15.2366	0	0	0	0	2.54972	123.177	17.0756
27	0.929542	103.971	0	0.0160609	0	0	0	0	2.71121	107.628	17.0756
28	1.02399	103.76	0	0.483791	0	0	0	0	2.45709	107.725	17.0756
29	0.938783	103.87	0	0.0688056	0	0	0	0	2.56116	107.438	17.0756
30	1.09979	103.81	0	0.00356745	0	0	0	0	2.40523	107.318	17.0756
31	1.02699	103.665	0	0.00858269	0	0	0	0	2.34081	107.042	17.0756
32	1.07376	103.104	0	0.888248	0	0	0	0	2.29625	107.363	17.0756
33	1.01517	103.45	0	0.10989	0	0	0	0	2.30014	106.875	17.0756
34	1.19604	103.096	0	0.0766055	0	0	0	0	2.36722	106.736	17.0756
35	1.23052	103.036	0	0.0312217	0	0	0	0	2.37687	106.675	17.0756
36	1.18873	103.061	0	0.0551281	0	0	0	0	2.34909	106.654	17.0756
37	1.1667	103.089	0	0.0500269	0	0	0	0	2.33467	106.641	17.0756
38	1.16065	103.085	0	0.0541258	0	0	0	0	2.3223	106.622	17.0756
39	1.12685	103.099	0	0.069838	0	0	0	0	2.2409	106.537	17.0756
40	1.04634	103.248	0	0.0491648	0	0	0	0	2.10027	106.444	17.0756
41	0.938934	103.416	0	0.0687486	0	0	0	0	1.91873	106.342	17.0756
42	0.93343	103.455	0	0.0340092	0	0	0	0	1.82159	106.244	17.0756
43	0.926719	103.501	0	0.0103141	0	0	0	0	1.68522	106.123	17.0756
44	0.946653	103.468	0	0.00861131	0	0	0	0	1.52532	105.949	17.0756
45	0.976313	103.384	0	0.0591461	0	0	0	0	1.49488	105.915	17.0756
46	0.947672	103.408	0	0.0237334	0	0	0	0	1.4847	105.864	17.0756
47	0.950848	103.384	0	0.032692	0	0	0	0	1.47843	105.846	17.0756
48	0.954517	103.366	0	0.0409382	0	0	0	0	1.47552	105.837	17.0756
49	0.974521	103.316	0	0.0549339	0	0	0	0	1.46867	105.814	17.0756
50	1.00733	103.262	0	0.0564158	0	0	0	0	1.46417	105.79	17.0756
51	1.02621	103.251	0	0.0558607	0	0	0	0	1.44508	105.778	17.0756
52	1.01381	103.251	0	0.0413035	0	0	0	0	1.44558	105.752	17.0756
53	1.00052	103.275	0	0.0368153	0	0	0	0	1.43446	105.747	17.0756
54	0.995399	103.293	0	0.0316682	0	0	0	0	1.42363	105.744	17.0756
55	0.993458	103.294	0	0.0339941	0	0	0	0	1.42076	105.742	17.0756
56	0.994507	103.292	0	0.0382235	0	0	0	0	1.41441	105.74	17.0756
57	0.999386	103.293	0	0.0335961	0	0	0	0	1.41227	105.739	17.0756
58	1.00364	103.292	0	0.0333388	0	0	0	0	1.40811	105.737	17.0756
59	1.00945	103.285	0	0.0316452	0	0	0	0	1.41007	105.736	17.0756
60	1.02151	103.264	0	0.0310897	0	0	0	0	1.41735	105.734	17.0756
61	1.02813	103.245	0	0.0373217	0	0	0	0	1.42408	105.734	17.0756
62	1.02732	103.248	0	0.0345911	0	0	0	0	1.4243	105.734	17.0756
63	1.02632	103.249	0	0.0347416	0	0	0	0	1.42343	105.734	17.0756
1	33.0222	108.085	0	42.6326	0	0	0	0	33.0043	216.744	38.4041
2	7098.97	116.291	0	1.45887e+07	5.48607e+06	0	0	4.29853e+06	4707.42	2.43853e+07	38.4041
3	167.241	109.436	0	820.781	0	0	0	0	50.2681	1147.73	38.4041
4	5.11911	108.546	0	7.63534	0	0	0	0	28.0431	149.344	38.4041
5	3.81128	108.752	0	0.000957548	0	0	0	0	27.3842	139.949	38.4041
6	3.16327	108.734	0	1.01383e-07	0	0	0	0	27.1959	139.093	38.4041
7	1.75162	108.5	0	0.20295	0	0	0	0	25.8287	136.283	38.4041
8	1.50385	108.32	0	0.0899087	0	0	0	0	24.6812	134.595	38.4041
9	3.55052	107.153	0	0.0945998	0	0	0	0	19.3494	130.148	38.4041
10	2.27508	107.002	0	0	0	0	0	0	17.1219	126.399	38.4041
11	1.9907	106.694	0	0.00430225	0	0	0	0	14.4328	123.122	38.4041
12	2.11707	106.229	0	1.57739	0	0	0	0	10.9759	120.899	38.4041
13	1.74041	106.47	0	0.0722719	0	0	0	0	12.384	120.666	38.4041
14	3.11904	106.628	0	0.946323	0	0	0	0	10.0372	120.731	38.4041
15	1.9051	106.55	0	0.00580704	0	0	0	0	10.8927	119.353	38.4041
16	2.42579	106.303	0	0.529387	0	0	0	0	8.98774	118.246	38.4041
17	2.58323	106.289	0	0.048926	0	0	0	0	7.35536	116.276	38.4041
18	2.51077	106.356	0	0.00199611	0	0	0	0	6.66192	115.531	38.4041
19	2.14344	106.44	0	0	0	0	0	0	5.40164	113.985	38.4041
20	1.37977	106.405	0	0	0	0	0	0	4.84851	112.634	38.4041
21	0.984433	106.525	0	0	0	0	0	0	4.41688	111.927	38.4041
22	1.04484	106.304	0	0.50806	0	0	0	0	3.99938	111.856	38.4041
23	0.912823	106.461	0	0	0	0	0	0	4.27563	111.649	38.4041
24	0.968106	106.082	0	1.68557	0	0	0	0	3.58443	112.32	38.4041
25	0.878887	106.293	0	0.0491581	0	0	0	0	3.92831	111.149	38.4041
26	1.70394	105.543	0	3.33999	0	0	0	0	3.21358	113.801	38.4041
27	1.01746	106.001	0	0.00884419	0	0	0	0	3.47116	110.499	38.4041
28	1.26591	105.48	0	5.68059	0	0	0	0	2.89273	115.319	38.4041
29	1.04961	105.893	0	0.0586954	0	0	0	0	3.3185	110.32	38.4041
30	1.52401	105.225	0	1.25924	0	0	0	0	2.85101	110.86	38.4041
31	1.19261	105.603	0	0.0951585	0	0	0	0	3.00203	109.893	38.4041
32	1.4236	105.231	0	0.00157788	0	0	0	0	2.85047	109.507	38.4041
33	1.263	105.129	0	0.070078	0	0	0	0	2.76224	109.225	38.4041
34	1.12931	105.103	0	0.113391	0	0	0	0	2.71368	109.059	38.4041
35	1.10757	104.998	0	0.0879513	0	0	0	0	2.70335	108.896	38.4041
36	1.17091	104.597	0	0.674106	0	0	0	0	2.77308	109.215	38.4041
37	1.10778	104.83	0	0.0940866	0	0	0	0	2.70624	108.738	38.4041
38	1.14722	104.746	0	0.391295	0	0	0	0	2.65237	108.937	38.4041
39	1.10743	104.798	0	0.0737423	0	0	0	0	2.67831	108.657	38.4041
40	1.06355	104.886	0	0.0299502	0	0	0	0	2.55685	108.536	38.4041
41	1.01017	104.938	0	0.0863105	0	0	0	0	2.33953	108.374	38.4041
42	0.816126	105.347	0	0.00291641	0	0	0	0	2.09076	108.257	38.4041
43	0.718769	105.432	0	0.0412261	0	0	0	0	1.80581	107.998	38.4041
44	0.682149	105.432	0	0.07654	0	0	0	0	1.66752	107.859	38.4041
45	0.659395	105.478	0	0.13656	0	0	0	0	1.45275	107.727	38.4041
46	0.643234	105.523	0	0.125385	0	0	0	0	1.31312	107.605	38.4041
47	0.646647	105.631	0	0.0277566	0	0	0	0	1.02242	107.328	38.4041
48	0.820735	105.402	0	0.0649225	0	0	0	0	1.10807	107.396	38.4041
49	0.673171	105.54	0	0.0226267	0	0	0	0	1.04083	107.277	38.4041
50	0.700228	105.482	0	0.0184367	0	0	0	0	1.04847	107.249	38.4041
51	0.758108	105.362	0	0.0181583	0	0	0	0	1.06788	107.206	38.4041
52	0.837635	105.188	0	0.0268039	0	0	0	0	1.10303	107.155	38.4041
53	0.858111	105.109	0	0.0814263	0	0	0	0	1.09244	107.141	38.4041
54	0.839048	105.143	0	0.0533119	0	0	0	0	1.07899	107.114	38.4041
55	0.832	105.155	0	0.0528762	0	0	0	0	1.06864	107.108	38.4041
56	0.829911	105.164	0	0.0494093	0	0	0	0	1.05551	107.099	38.4041
57	0.833692	105.162	0	0.0439239	0	0	0	0	1.04975	107.089	38.4041
58	0.867097	105.126	0	0.0343103	0	0	0	0	1.05784	107.085	38.4041
59	0.859228	105.132	0	0.0372627	0	0	0	0	1.05258	107.081	38.4041
60	0.860769	105.129	0	0.0388178	0	0	0	0	1.05196	107.08	38.4041
61	0.862465	105.126	0	0.0390788	0	0	0	0	1.05179	107.079	38.4041
62	0.863157	105.124	0	0.0382211	0	0	0	0	1.05267	107.078	38.4041
63	0.865936	105.116	0	0.0424242	0	0	0	0	1.05387	107.078	38.4041
64	0.864995	105.118	0	0.0401007	0	0	0	0	1.05399	107.077	38.4041
65	0.86508	105.118	0	0.0394484	0	0	0	0	1.05423	107.077	38.4041
1	34.6311	107.733	0	45.0877	0	0	0	0	27.0713	214.523	34.2373
2	7572.99	115.796	0	1.78976e+07	4.55639e+06	0	0	4.5929e+06	5062.02	2.70596e+07	34.2373
3	210.179	109.151	0	2090.97	0	0	0	0	52.7675	2463.07	34.2373
4	4.41037	108.149	0	5.83539	0	0	0	0	22.8459	141.241	34.2373
5	3.54833	108.301	0	0.0187199	0	0	0	0	22.3476	134.216	34.2373
6	3.12446	108.281	0	0.00327346	0	0	0	0	22.173	133.582	34.2373
7	1.53121	107.98	0	0.306082	0	0	0	0	20.6959	130.513	34.2373
8	1.22293	107.705	0	0.0845002	0	0	0	0	19.3506	128.363	34.2373
9	2.2648	106.962	0	0.280301	0	0	0	0	16.7368	126.244	34.2373
10	0.960112	107.163	0	0	0	0	0	0	16.3211	124.444	34.2373
11	0.8374	106.974	0	0	0	0	0	0	14.8565	122.668	34.2373
12	1.78962	106.039	0	0.710226	0	0	0	0	9.7129	118.252	34.2373
13	1.75947	106.42	0	0	0	0	0	0	10.036	118.215	34.2373
14	1.39498	106.366	0	0	0	0	0	0	9.75647	117.518	34.2373
15	1.77958	106.021	0	0.633599	0	0	0	0	8.31415	116.749	34.2373
16	1.44086	106.212	0	0.00331099	0	0	0	0	9.03921	116.695	34.2373
17	2.07865	105.853	0	2.08147	0	0	0	0	7.52272	117.536	34.2373
18	1.62986	106.067	0	0.152023	0	0	0	0	8.33946	116.188	34.2373
19	1.97313	105.964	0	0.13042	0	0	0	0	7.27784	115.345	34.2373
20	2.21382	105.828	0	0.0270354	0	0	0	0	5.92201	113.991	34.2373
21	2.10839	105.848	0	0	0	0	0	0	4.68959	112.646	34.2373
22	1.69913	105.769	0	0.112957	0	0	0	0	4.31857	111.899	34.2373
23	1.13076	105.823	0	0	0	0	0	0	4.21637	111.171	34.2373
24	0.863134	105.741	0	0.00220334	0	0	0	0	4.09422	110.7	34.2373
25	0.823555	105.611	0	0.0551186	0	0	0	0	3.92904	110.418	34.2373
26	1.12953	105.329	0	0.00866934	0	0	0	0	3.61883	110.086	34.2373
27	0.950316	105.117	0	0.767443	0	0	0	0	3.33113	110.166	34.2373
28	1.02999	105.222	0	0.0942654	0	0	0	0	3.46419	109.811	34.2373
29	1.40557	104.85	0	1.43562	0	0	0	0	3.2895	110.981	34.2373
30	0.71174	105.068	0	0.0882984	0	0	0	0	3.23945	109.107	34.2373
31	0.758167	104.976	0	0.0963721	0	0	0	0	3.12574	108.956	34.2373
32	0.823383	104.984	0	0.382583	0	0	0	0	3.07499	109.265	34.2373
33	0.750591	104.978	0	0.0612831	0	0	0	0	3.10538	108.895	34.2373
34	0.704383	104.968	0	0.0506858	0	0	0	0	3.0908	108.814	34.2373
35	0.696984	104.813	0	0.289945	0	0	0	0	2.97121	108.771	34.2373
36	0.68001	104.902	0	0.0880182	0	0	0	0	3.03186	108.702	34.2373
37	0.784151	104.824	0	0.107441	0	0	0	0	2.9227	108.638	34.2373
38	0.769322	104.806	0	0.0643479	0	0	0	0	2.83131	108.471	34.2373
39	0.812734	104.71	0	0.113226	0	0	0	0	2.61398	108.25	34.2373
40	0.999876	104.592	0	0.0742516	0	0	0	0	2.26957	107.936	34.2373
41	1.09495	104.565	0	0.082371	0	0	0	0	2.05736	107.8	34.2373
42	1.00829	104.596	0	0.0691326	0	0	0	0	1.98376	107.657	34.2373
43	0.875497	104.696	0	0.0637215	0	0	0	0	1.82552	107.46	34.2373
44	0.802904	104.785	0	0.0544315	0	0	0	0	1.73761	107.38	34.2373
45	0.732955	104.854	0	0.044691	0	0	0	0	1.64916	107.281	34.2373
46	0.628532	104.996	0	0.0604371	0	0	0	0	1.39257	107.077	34.2373
47	0.536351	105.251	0	0.0636186	0	0	0	0	0.95369	106.805	34.2373
48	0.525115	105.457	0	0.0850091	0	0	0	0	0.745799	106.813	34.2373
49	0.495625	105.348	0	0.0471671	0	0	0	0	0.832052	106.722	34.2373
50	0.494634	105.333	0	0.0330592	0	0	0	0	0.79677	106.658	34.2373
51	0.512777	105.254	0	0.033096	0	0	0	0	0.786228	106.586	34.2373
52	0.53542	105.205	0	0.0360989	0	0	0	0	0.775834	106.553	34.2373
53	0.574606	105.14	0	0.0433131	0	0	0	0	0.73923	106.497	34.2373
54	0.699583	105.013	0	0.0575428	0	0	0	0	0.711379	106.482	34.2373
55	0.646231	105.038	0	0.0211463	0	0	0	0	0.689243	106.395	34.2373
56	0.642204	105.021	0	0.0274375	0	0	0	0	0.690806	106.381	34.2373
57	0.642102	104.979	0	0.0460536	0	0	0	0	0.702018	106.369	34.2373
58	0.653924	104.957	0	0.0500797	0	0	0	0	0.705579	106.367	34.2373
59	0.657755	104.95	0	0.0444343	0	0	0	0	0.709381	106.361	34.2373
60	0.660954	104.941	0	0.0464532	0	0	0	0	0.711607	106.36	34.2373
61	0.666149	104.933	0	0.0465363	0	0	0	0	0.713235	106.359	34.2373
62	0.67663	104.921	0	0.0438239	0	0	0	0	0.715503	106.357	34.2373
63	0.690721	104.901	0	0.044362	0	0	0	0	0.719312	106.355	34.2373
64	0.702883	104.886	0	0.0423565	0	0	0	0	0.720989	106.352	34.2373
65	0.707847	104.875	0	0.0454084	0	0	0	0	0.721936	106.35	34.2373
66	0.707448	104.877	0	0.0440709	0	0	0	0	0.721712	106.35	34.2373
67	0.704642	104.88	0	0.044375	0	0	0	0	0.720597	106.35	34.2373
68	0.702888	104.882	0	0.044789	0	0	0	0	0.720099	106.35	34.2373
1	39.8372	105.359	0	46.9343	0	0	0	0	21.8008	213.932	33.4108
2	8597.61	113.104	0	2.36391e+07	2.89871e+06	0	0	5.15489e+06	4865.41	3.17063e+07	33.4108
3	287.417	106.837	0	3899.04	0	0	0	0	54.4798	4347.78	33.4108
4	4.21782	105.746	0	5.51334	0	0	0	0	17.8943	133.372	33.4108
5	3.45727	105.88	0	0.0339542	0	0	0	0	17.4638	126.835	33.4108
6	3.06489	105.86	0	0.00926747	0	0	0	0	17.3054	126.239	33.4108
7	1.19791	105.539	0	0.367725	0	0	0	0	15.9321	123.036	33.4108
8	0.929243	105.245	0	0.0422073	0	0	0	0	14.6883	120.905	33.4108
9	1.25383	104.852	0	0.224496	0	0	0	0	13.3672	119.698	33.4108
10	0.7681	104.93	0	0.00030477	0	0	0	0	13.1098	118.808	33.4108
11	0.662311	104.803	0	7.25187e-10	0	0	0	0	12.2268	117.692	33.4108
12	1.26792	104.153	0	0.039239	0	0	0	0	8.76262	114.222	33.4108
13	1.26506	104.084	0	0	0	0	0	0	8.13016	113.479	33.4108
14	1.72242	103.76	0	0.202326	0	0	0	0	6.7704	112.455	33.4108
15	1.41459	103.783	0	0.159224	0	0	0	0	6.40529	111.762	33.4108
16	1.34805	103.532	0	0.0864551	0	0	0	0	4.26571	109.232	33.4108
17	1.162	103.426	0	0.0209935	0	0	0	0	3.79503	108.404	33.4108
18	1.20166	103.356	0	0.0501177	0	0	0	0	3.82319	108.431	33.4108
19	1.00574	103.39	0	0.00338589	0	0	0	0	3.70737	108.106	33.4108
20	0.836287	103.298	0	0.0105165	0	0	0	0	3.53513	107.68	33.4108
21	0.654081	103.055	0	1.67923	0	0	0	0	3.13462	108.523	33.4108
22	0.73661	103.219	0	0.126753	0	0	0	0	3.38702	107.469	33.4108
23	0.70245	103.094	0	0.140093	0	0	0	0	3.07375	107.01	33.4108
24	0.68183	102.829	0	0.406507	0	0	0	0	2.70899	106.626	33.4108
25	0.669594	103.004	0	0.080257	0	0	0	0	2.9283	106.683	33.4108
26	0.679051	102.238	0	46.547	0	0	0	0	2.24169	151.706	33.4108
27	0.637003	102.881	0	0.0821112	0	0	0	0	2.77032	106.371	33.4108
28	0.823657	102.171	0	28.7512	0	0	0	0	2.11211	133.858	33.4108
29	0.582352	102.794	0	0.111132	0	0	0	0	2.65171	106.14	33.4108
30	0.994356	102.446	0	3.84289	0	0	0	0	2.28933	109.573	33.4108
31	0.541487	102.719	0	0.126441	0	0	0	0	2.52685	105.914	33.4108
32	0.607131	102.618	0	0.457402	0	0	0	0	2.38163	106.064	33.4108
33	0.554047	102.68	0	0.128356	0	0	0	0	2.46378	105.826	33.4108
34	0.571976	102.632	0	0.101951	0	0	0	0	2.36687	105.673	33.4108
35	0.681986	102.523	0	0.14655	0	0	0	0	2.19778	105.549	33.4108
36	0.734954	102.519	0	0.0536744	0	0	0	0	2.15184	105.46	33.4108
37	0.712005	102.521	0	0.0677709	0	0	0	0	2.07755	105.378	33.4108
38	0.672533	102.633	0	0.126393	0	0	0	0	1.67894	105.111	33.4108
39	0.685366	102.523	0	0.0894755	0	0	0	0	1.6359	104.934	33.4108
40	0.683297	102.543	0	0.0553434	0	0	0	0	1.62262	104.904	33.4108
41	0.666446	102.567	0	0.0456273	0	0	0	0	1.56557	104.845	33.4108
42	0.635514	102.623	0	0.0466854	0	0	0	0	1.46413	104.77	33.4108
43	0.578132	102.751	0	0.045592	0	0	0	0	1.23021	104.605	33.4108
44	0.47952	102.976	0	0.0709545	0	0	0	0	0.809045	104.335	33.4108
45	0.754076	103.283	0	0.169896	0	0	0	0	0.450375	104.657	33.4108
46	0.493007	103.078	0	0.033385	0	0	0	0	0.620467	104.224	33.4108
47	0.407334	103.146	0	0.0250861	0	0	0	0	0.501418	104.08	33.4108
48	0.362558	103.111	0	0.0465576	0	0	0	0	0.467019	103.987	33.4108
49	0.358114	103.101	0	0.0399534	0	0	0	0	0.470901	103.97	33.4108
50	0.360387	103.075	0	0.040251	0	0	0	0	0.480035	103.955	33.4108
51	0.367913	103.029	0	0.0490928	0	0	0	0	0.491382	103.937	33.4108
52	0.391678	102.968	0	0.0517157	0	0	0	0	0.502954	103.915	33.4108
53	0.420728	102.9	0	0.0618459	0	0	0	0	0.50745	103.89	33.4108
54	0.50565	102.763	0	0.0604102	0	0	0	0	0.52781	103.857	33.4108
55	0.528592	102.726	0	0.0556484	0	0	0	0	0.53107	103.841	33.4108
56	0.524297	102.729	0	0.0516757	0	0	0	0	0.52814	103.833	33.4108
57	0.533899	102.718	0	0.0481457	0	0	0	0	0.527932	103.828	33.4108
58	0.556533	102.685	0	0.0487046	0	0	0	0	0.533131	103.824	33.4108
59	0.565617	102.684	0	0.057001	0	0	0	0	0.525946	103.833	33.4108
60	0.557904	102.685	0	0.0487603	0	0	0	0	0.530866	103.823	33.4108
61	0.563942	102.674	0	0.0514803	0	0	0	0	0.531596	103.821	33.4108
62	0.566433	102.665	0	0.0565979	0	0	0	0	0.530156	103.818	33.4108
63	0.562001	102.669	0	0.0577722	0	0	0	0	0.526829	103.816	33.4108
64	0.558109	102.678	0	0.05341	0	0	0	0	0.523867	103.814	33.4108
65	0.529603	102.721	0	0.0535329	0	0	0	0	0.512796	103.817	33.4108
66	0.549983	102.69	0	0.0527792	0	0	0	0	0.520454	103.813	33.4108
67	0.547474	102.695	0	0.0507991	0	0	0	0	0.519488	103.813	33.4108
68	0.5469	102.696	0	0.0499908	0	0	0	0	0.519238	103.813	33.4108
69	0.547372	102.696	0	0.0501451	0	0	0	0	0.519271	103.812	33.4108
1	37.831	106.055	0	45.7897	0	0	0	0	20.8685	210.544	41.0717
2	8305.91	113.928	0	2.19115e+07	3.39358e+06	0	0	4.96656e+06	4947.1	3.0285e+07	41.0717
3	264.24	107.531	0	3447.35	0	0	0	0	51.8491	3870.97	41.0717
4	3.70971	106.449	0	5.61661	0	0	0	0	16.8903	132.666	41.0717
5	3.04074	106.593	0	0.0308218	0	0	0	0	16.4551	126.119	41.0717
6	2.69214	106.576	0	0.0105976	0	0	0	0	16.3085	125.587	41.0717
7	1.10569	106.278	0	0.212995	0	0	0	0	15.0209	122.618	41.0717
8	0.676804	105.943	0	0.0665839	0	0	0	0	13.8053	120.492	41.0717
9	2.038	105.162	0	0.171212	0	0	0	0	11.7309	119.102	41.0717
10	0.757771	105.139	0	0.00421223	0	0	0	0	11.2135	117.115	41.0717
11	0.938791	104.706	0	0.0267187	0	0	0	0	9.81476	115.486	41.0717
12	1.30017	104.089	0	0.0629375	0	0	0	0	8.04423	113.497	41.0717
13	0.887021	104.102	0	0.00567171	0	0	0	0	7.71602	112.711	41.0717
14	1.00121	103.861	0	0.485603	0	0	0	0	7.18091	112.529	41.0717
15	0.89199	103.996	0	0.0405139	0	0	0	0	7.45588	112.384	41.0717
16	1.04651	103.789	0	0.229916	0	0	0	0	6.83417	111.9	41.0717
17	1.43426	103.656	0	0.123582	0	0	0	0	5.99176	111.206	41.0717
18	1.31265	103.695	0	0.0159719	0	0	0	0	5.42238	110.446	41.0717
19	1.31655	103.289	0	0.115487	0	0	0	0	4.54349	109.265	41.0717
20	1.51566	102.984	0	0.108865	0	0	0	0	3.96776	108.576	41.0717
21	1.36616	102.987	0	0.0171494	0	0	0	0	3.81586	108.186	41.0717
22	1.00067	102.959	0	0.923706	0	0	0	0	3.55162	108.435	41.0717
23	1.1744	102.975	0	0.139583	0	0	0	0	3.68523	107.974	41.0717
24	0.705124	103.273	0	0.0450193	0	0	0	0	3.586	107.609	41.0717
25	0.680604	103.152	0	0.060919	0	0	0	0	3.39807	107.292	41.0717
26	0.789059	102.81	0	1.42108	0	0	0	0	2.91797	107.938	41.0717
27	0.683719	103.009	0	0.0997126	0	0	0	0	3.15022	106.943	41.0717
28	2.34069	102.466	0	18.3449	0	0	0	0	2.80874	125.961	41.0717
29	0.751067	102.921	0	0.0851178	0	0	0	0	3.02316	106.781	41.0717
30	0.815973	102.742	0	0.272206	0	0	0	0	2.77281	106.603	41.0717
31	1.42599	102.475	0	0.753789	0	0	0	0	2.61838	107.273	41.0717
32	0.94445	102.638	0	0.0827738	0	0	0	0	2.67691	106.342	41.0717
33	0.767328	102.703	0	0.0422736	0	0	0	0	2.5862	106.099	41.0717
34	0.600024	102.735	0	0.444666	0	0	0	0	2.36622	106.146	41.0717
35	0.659173	102.719	0	0.100082	0	0	0	0	2.46557	105.943	41.0717
36	0.549011	102.865	0	0.209404	0	0	0	0	2.37964	106.003	41.0717
37	0.546016	102.787	0	0.0619363	0	0	0	0	2.41616	105.811	41.0717
38	0.522479	102.774	0	0.0885868	0	0	0	0	2.36466	105.749	41.0717
39	0.459579	102.796	0	0.22182	0	0	0	0	2.20439	105.682	41.0717
40	0.45265	102.818	0	0.148593	0	0	0	0	2.14779	105.567	41.0717
41	0.41774	102.892	0	0.1099	0	0	0	0	2.0096	105.429	41.0717
42	0.366954	103.059	0	0.0310226	0	0	0	0	1.78855	105.245	41.0717
43	0.363444	103.13	0	0.0441689	0	0	0	0	1.62399	105.161	41.0717
44	0.350351	103.132	0	0.0181573	0	0	0	0	1.58525	105.086	41.0717
45	0.380689	103.097	0	0.0117805	0	0	0	0	1.49556	104.986	41.0717
46	0.470228	103.02	0	0.0196307	0	0	0	0	1.28894	104.799	41.0717
47	0.555824	102.953	0	0.0269684	0	0	0	0	1.03474	104.57	41.0717
48	0.539438	102.945	0	0.0308304	0	0	0	0	0.869442	104.385	41.0717
49	0.51411	102.924	0	0.076722	0	0	0	0	0.735802	104.25	41.0717
50	0.482797	102.932	0	0.0608349	0	0	0	0	0.697007	104.173	41.0717
51	0.474462	102.916	0	0.0578554	0	0	0	0	0.685676	104.134	41.0717
52	0.451004	102.846	0	0.167623	0	0	0	0	0.634648	104.099	41.0717
53	0.457637	102.891	0	0.0599114	0	0	0	0	0.661075	104.069	41.0717
54	0.443915	102.842	0	0.704364	0	0	0	0	0.588226	104.579	41.0717
55	0.448522	102.879	0	0.0586115	0	0	0	0	0.640225	104.027	41.0717
56	0.443905	102.871	0	0.0777987	0	0	0	0	0.59598	103.989	41.0717
57	0.442706	102.907	0	0.0403769	0	0	0	0	0.559584	103.95	41.0717
58	0.425556	102.904	0	0.081833	0	0	0	0	0.49907	103.911	41.0717
59	0.413213	102.921	0	0.0732045	0	0	0	0	0.460487	103.868	41.0717
60	0.401806	102.975	0	0.0347458	0	0	0	0	0.412709	103.825	41.0717
61	0.408411	102.945	0	0.052686	0	0	0	0	0.408981	103.815	41.0717
62	0.411955	102.942	0	0.0458407	0	0	0	0	0.408774	103.809	41.0717
63	0.421153	102.928	0	0.044064	0	0	0	0	0.409501	103.803	41.0717
64	0.435345	102.904	0	0.0457046	0	0	0	0	0.413284	103.799	41.0717
65	0.446349	102.886	0	0.0535195	0	0	0	0	0.418379	103.804	41.0717
66	0.437802	102.899	0	0.0465956	0	0	0	0	0.414296	103.798	41.0717
67	0.43987	102.894	0	0.0481432	0	0	0	0	0.414815	103.797	41.0717
68	0.441834	102.89	0	0.0497791	0	0	0	0	0.415244	103.797	41.0717
69	0.445753	102.883	0	0.0514721	0	0	0	0	0.416213	103.796	41.0717
70	0.455672	102.868	0	0.0531449	0	0	0	0	0.418853	103.795	41.0717
71	0.466595	102.855	0	0.0518041	0	0	0	0	0.421479	103.795	41.0717
72	0.471611	102.85	0	0.0495062	0	0	0	0	0.423277	103.794	41.0717
73	0.468918	102.854	0	0.0490579	0	0	0	0	0.422345	103.794	41.0717
74	0.468462	102.854	0	0.049156	0	0	0	0	0.42214	103.794	41.0717
1	37.3932	106.129	0	45.6141	0	0	0	0	17.8386	206.975	35.605
2	8295.11	114.048	0	2.18803e+07	3.43103e+06	0	0	4.96707e+06	4948.88	3.02918e+07	35.605
3	263.559	107.614	0	3437.72	0	0	0	0	48.7323	3857.63	35.605
4	3.63521	106.526	0	5.42811	0	0	0	0	13.901	129.49	35.605
5	2.91923	106.667	0	0.0303577	0	0	0	0	13.4876	123.104	35.605
6	2.57196	106.651	0	0.00961881	0	0	0	0	13.3499	122.583	35.605
7	1.04493	106.37	0	0.267268	0	0	0	0	12.2167	119.899	35.605
8	0.611264	106.084	0	0.0821635	0	0	0	0	11.2152	117.992	35.605
9	1.52992	105.393	0	0.156947	0	0	0	0	9.56179	116.642	35.605
10	0.689292	105.343	0	0.00438327	0	0	0	0	9.06383	115.1	35.605
11	0.851781	104.954	0	0.0227331	0	0	0	0	7.89776	113.726	35.605
12	1.18156	104.313	0	0.102128	0	0	0	0	6.19602	111.792	35.605
13	0.750669	104.458	0	0.00220116	0	0	0	0	6.13123	111.342	35.605
14	0.711718	104.319	0	0.107834	0	0	0	0	5.77151	110.91	35.605
15	0.825139	104.197	0	0.0498298	0	0	0	0	5.46082	110.533	35.605
16	1.07958	103.965	0	0.289911	0	0	0	0	4.86877	110.203	35.605
17	1.59593	103.836	0	0.0217736	0	0	0	0	4.04089	109.495	35.605
18	1.19046	103.818	0	0.0020513	0	0	0	0	3.76849	108.779	35.605
19	1.03036	103.632	0	0.176311	0	0	0	0	3.10862	107.947	35.605
20	0.994902	103.56	0	0.0454673	0	0	0	0	2.91119	107.512	35.605
21	0.874357	103.501	0	0.176671	0	0	0	0	2.8124	107.365	35.605
22	0.797976	103.587	0	0.0145116	0	0	0	0	2.78122	107.181	35.605
23	0.727988	103.539	0	0.012132	0	0	0	0	2.69893	106.979	35.605
24	0.685613	103.275	0	0.0816086	0	0	0	0	2.29226	106.335	35.605
25	0.961618	102.913	0	6.03466	0	0	0	0	1.97318	111.882	35.605
26	0.685252	103.183	0	0.0436649	0	0	0	0	2.1612	106.073	35.605
27	0.555711	102.843	0	11.8524	0	0	0	0	1.85956	117.11	35.605
28	0.652343	103.134	0	0.0770775	0	0	0	0	2.0908	105.954	35.605
29	0.448287	103.082	0	2.5239	0	0	0	0	1.89341	107.947	35.605
30	0.568805	103.122	0	0.100356	0	0	0	0	2.03484	105.826	35.605
31	0.416772	103.22	0	0.08154	0	0	0	0	1.96029	105.679	35.605
32	0.421417	103.237	0	0.0493097	0	0	0	0	1.94464	105.652	35.605
33	0.413366	103.226	0	0.0802849	0	0	0	0	1.89702	105.617	35.605
34	0.388681	103.225	0	0.140468	0	0	0	0	1.76348	105.517	35.605
35	0.3718	103.251	0	0.167321	0	0	0	0	1.56047	105.351	35.605
36	0.374894	103.31	0	0.0776268	0	0	0	0	1.44188	105.204	35.605
37	0.366355	103.316	0	0.041025	0	0	0	0	1.40536	105.129	35.605
38	0.380003	103.321	0	0.0235671	0	0	0	0	1.3676	105.093	35.605
39	0.4226	103.317	0	0.0124013	0	0	0	0	1.25091	105.003	35.605
40	0.470459	103.353	0	0.0149961	0	0	0	0	0.982368	104.821	35.605
41	0.526885	103.341	0	0.0127327	0	0	0	0	0.815148	104.696	35.605
42	0.521465	103.321	0	0.035691	0	0	0	0	0.715124	104.593	35.605
43	0.476115	103.305	0	0.0749953	0	0	0	0	0.569137	104.425	35.605
44	0.428647	103.269	0	0.125677	0	0	0	0	0.473386	104.297	35.605
45	0.410028	103.287	0	0.059101	0	0	0	0	0.46215	104.219	35.605
46	0.392279	103.276	0	0.0583551	0	0	0	0	0.44093	104.168	35.605
47	0.39313	103.272	0	0.0947136	0	0	0	0	0.43607	104.196	35.605
48	0.388736	103.275	0	0.0502642	0	0	0	0	0.437784	104.151	35.605
49	0.384098	103.268	0	0.0602694	0	0	0	0	0.418008	104.131	35.605
50	0.374277	103.285	0	0.0635091	0	0	0	0	0.38866	104.112	35.605
51	0.36384	103.294	0	0.0760751	0	0	0	0	0.362726	104.097	35.605
52	0.35837	103.316	0	0.0565167	0	0	0	0	0.353355	104.085	35.605
53	0.351186	103.339	0	0.0421388	0	0	0	0	0.34411	104.076	35.605
54	0.352836	103.338	0	0.0387578	0	0	0	0	0.344014	104.074	35.605
55	0.35887	103.327	0	0.0391719	0	0	0	0	0.345545	104.071	35.605
56	0.37747	103.292	0	0.0447119	0	0	0	0	0.350422	104.065	35.605
57	0.407828	103.254	0	0.043503	0	0	0	0	0.357954	104.063	35.605
58	0.410035	103.244	0	0.0465781	0	0	0	0	0.35858	104.06	35.605
59	0.408123	103.245	0	0.0483828	0	0	0	0	0.357579	104.059	35.605
60	0.408947	103.244	0	0.0489069	0	0	0	0	0.357731	104.059	35.605
61	0.410748	103.24	0	0.0501539	0	0	0	0	0.358197	104.059	35.605
1	37.2204	106.173	0	45.7948	0	0	0	0	15.9306	205.119	29.718
2	8264.44	114.127	0	2.17062e+07	3.51173e+06	0	0	4.94755e+06	4943.17	3.01788e+07	29.718
3	260.465	107.662	0	3378.11	0	0	0	0	46.4955	3792.74	29.718
4	3.55743	106.572	0	5.39978	0	0	0	0	12.0149	127.544	29.718
5	2.82921	106.714	0	0.0308656	0	0	0	0	11.6131	121.187	29.718
6	2.48701	106.699	0	0.00987532	0	0	0	0	11.4837	120.679	29.718
7	1.00781	106.43	0	0.284265	0	0	0	0	10.4594	118.181	29.718
8	0.583611	106.171	0	0.0910964	0	0	0	0	9.59269	116.438	29.718
9	1.26289	105.527	0	0.151883	0	0	0	0	8.1796	115.122	29.718
10	0.633993	105.469	0	0.00521391	0	0	0	0	7.71934	113.827	29.718
11	0.786624	105.107	0	0.0190756	0	0	0	0	6.71163	112.624	29.718
12	1.12192	104.445	0	0.230585	0	0	0	0	5.11527	110.913	29.718
13	0.764009	104.735	0	0.00145846	0	0	0	0	5.30643	110.807	29.718
14	0.528974	104.667	0	0.00604609	0	0	0	0	5.12157	110.324	29.718
15	0.884649	104.294	0	1.0093	0	0	0	0	4.38718	110.575	29.718
16	0.657737	104.495	0	0.0962778	0	0	0	0	4.74175	109.99	29.718
17	0.973054	104.238	0	0.293628	0	0	0	0	4.20688	109.712	29.718
18	0.785679	104.372	0	0.0895294	0	0	0	0	4.45526	109.703	29.718
19	1.10123	104.142	0	0.842887	0	0	0	0	3.88511	109.972	29.718
20	0.906196	104.272	0	0.10721	0	0	0	0	4.17649	109.462	29.718
21	1.1072	104.175	0	0.0550154	0	0	0	0	3.53018	108.867	29.718
22	1.13305	104.092	0	0.0189874	0	0	0	0	3.0056	108.25	29.718
23	1.08572	103.839	0	0.0428363	0	0	0	0	2.26472	107.232	29.718
24	1.26704	103.471	0	2.12737	0	0	0	0	2.17182	109.038	29.718
25	0.948855	103.71	0	0.0242734	0	0	0	0	2.13538	106.819	29.718
26	0.608498	103.656	0	0.284743	0	0	0	0	2.04952	106.599	29.718
27	0.524334	103.806	0	0.0427615	0	0	0	0	2.00969	106.383	29.718
28	0.508227	103.738	0	0.0145166	0	0	0	0	1.94023	106.201	29.718
29	0.498309	103.615	0	0.0165219	0	0	0	0	1.8203	105.95	29.718
30	0.489403	103.038	0	11.2342	0	0	0	0	1.50242	116.264	29.718
31	0.475408	103.502	0	0.0319359	0	0	0	0	1.72032	105.73	29.718
32	0.45018	102.952	0	28.1741	0	0	0	0	1.43145	133.008	29.718
33	0.459381	103.459	0	0.0499404	0	0	0	0	1.68011	105.649	29.718
34	0.415473	103.376	0	0.472696	0	0	0	0	1.57502	105.839	29.718
35	0.427979	103.43	0	0.08571	0	0	0	0	1.63759	105.581	29.718
36	0.394801	103.439	0	0.103052	0	0	0	0	1.60156	105.538	29.718
37	0.418808	103.454	0	0.0831075	0	0	0	0	1.5667	105.523	29.718
38	0.406824	103.477	0	0.0583812	0	0	0	0	1.52884	105.471	29.718
39	0.380395	103.501	0	0.0925229	0	0	0	0	1.38336	105.358	29.718
40	0.368788	103.568	0	0.0678586	0	0	0	0	1.1914	105.196	29.718
41	0.463635	103.583	0	0.153193	0	0	0	0	1.05004	105.25	29.718
42	0.386119	103.574	0	0.0665676	0	0	0	0	1.09017	105.117	29.718
43	0.359305	103.612	0	0.0312756	0	0	0	0	1.03931	105.042	29.718
44	0.34815	103.605	0	0.0277792	0	0	0	0	1.02462	105.005	29.718
45	0.346435	103.551	0	0.0608861	0	0	0	0	0.993967	104.953	29.718
46	0.353104	103.552	0	0.0389086	0	0	0	0	0.983763	104.928	29.718
47	0.374308	103.521	0	0.0454205	0	0	0	0	0.944293	104.885	29.718
48	0.407849	103.481	0	0.0595066	0	0	0	0	0.878936	104.827	29.718
49	0.477582	103.399	0	0.0886538	0	0	0	0	0.748862	104.714	29.718
50	0.572741	103.311	0	0.0831583	0	0	0	0	0.627102	104.594	29.718
51	0.594699	103.284	0	0.0880319	0	0	0	0	0.566336	104.533	29.718
52	0.555432	103.317	0	0.0557245	0	0	0	0	0.542668	104.47	29.718
53	0.527314	103.336	0	0.0623121	0	0	0	0	0.52678	104.453	29.718
54	0.491364	103.373	0	0.0672673	0	0	0	0	0.495083	104.427	29.718
55	0.410205	103.483	0	0.0586209	0	0	0	0	0.413271	104.365	29.718
56	0.313199	103.615	0	0.0970246	0	0	0	0	0.325899	104.351	29.718
57	0.325117	103.596	0	0.0422195	0	0	0	0	0.334034	104.298	29.718
58	0.332743	103.581	0	0.0383927	0	0	0	0	0.334964	104.287	29.718
59	0.332699	103.575	0	0.0428657	0	0	0	0	0.330962	104.282	29.718
60	0.33077	103.573	0	0.0480973	0	0	0	0	0.326246	104.278	29.718
61	0.331023	103.566	0	0.0562672	0	0	0	0	0.315293	104.269	29.718
62	0.345411	103.551	0	0.0556292	0	0	0	0	0.31375	104.265	29.718
63	0.348757	103.543	0	0.0508897	0	0	0	0	0.313784	104.256	29.718
64	0.35553	103.535	0	0.0475759	0	0	0	0	0.31606	104.254	29.718
65	0.365236	103.522	0	0.0458035	0	0	0	0	0.319267	104.253	29.718
66	0.37407	103.51	0	0.0458744	0	0	0	0	0.322386	104.252	29.718
67	0.375125	103.508	0	0.0462463	0	0	0	0	0.322021	104.251	29.718
68	0.377055	103.503	0	0.0480931	0	0	0	0	0.32202	104.251	29.718
69	0.380381	103.496	0	0.0509189	0	0	0	0	0.322438	104.25	29.718
70	0.385462	103.489	0	0.0517224	0	0	0	0	0.323433	104.25	29.718
71	0.39047	103.482	0	0.0519502	0	0	0	0	0.324812	104.25	29.718
72	0.388821	103.485	0	0.0508821	0	0	0	0	0.324468	104.249	29.718
1	36.7591	106.472	0	45.9502	0	0	0	0	14.1867	203.368	21.9591
2	8120.41	114.426	0	2.08317e+07	3.78586e+06	0	0	4.84985e+06	4947.61	2.94806e+07	21.9591
3	247.538	107.939	0	3121.62	0	0	0	0	43.6131	3520.71	21.9591
4	3.46646	106.871	0	5.29901	0	0	0	0	10.2891	125.925	21.9591
5	2.73017	107.008	0	0.0419406	0	0	0	0	9.88821	119.668	21.9591
6	2.40307	106.992	0	0.0172804	0	0	0	0	9.7602	119.173	21.9591
7	0.94157	106.722	0	0.398934	0	0	0	0	8.74871	116.811	21.9591
8	0.678461	106.517	0	0.0780926	0	0	0	0	7.97619	115.25	21.9591
9	0.765741	106.177	0	0.0293323	0	0	0	0	7.10302	114.075	21.9591
10	0.721476	106.022	0	0.0107445	0	0	0	0	6.5004	113.255	21.9591
11	0.858931	105.394	0	0.0417258	0	0	0	0	4.3514	110.646	21.9591
12	1.07917	105.087	0	0.349322	0	0	0	0	3.49545	110.011	21.9591
13	0.818205	105.25	0	0.0106478	0	0	0	0	3.87397	109.953	21.9591
14	1.50673	104.623	0	12.0213	0	0	0	0	2.86764	121.018	21.9591
15	0.8635	105.141	0	0.0992316	0	0	0	0	3.61999	109.724	21.9591
16	1.0139	105.004	0	3.17194	0	0	0	0	3.07866	112.269	21.9591
17	0.827962	105.109	0	0.128157	0	0	0	0	3.45846	109.524	21.9591
18	0.721157	105.109	0	0.159704	0	0	0	0	3.2003	109.19	21.9591
19	0.653879	105.137	0	0.117271	0	0	0	0	2.82248	108.73	21.9591
20	0.74353	105.143	0	0.0719732	0	0	0	0	2.1641	108.122	21.9591
21	0.82248	105.066	0	0.0234602	0	0	0	0	1.81678	107.729	21.9591
22	0.818272	104.986	0	0.016868	0	0	0	0	1.67362	107.495	21.9591
23	0.838022	104.799	0	0.0022101	0	0	0	0	1.42822	107.067	21.9591
24	0.784834	104.634	0	0.0596414	0	0	0	0	1.3333	106.811	21.9591
25	0.546152	104.5	0	0.151682	0	0	0	0	1.27193	106.47	21.9591
26	0.455692	104.562	0	0.00543277	0	0	0	0	1.28597	106.309	21.9591
27	0.397881	104.54	0	0.0206388	0	0	0	0	1.20597	106.164	21.9591
28	0.320013	104.454	0	0.234735	0	0	0	0	1.116	106.125	21.9591
29	0.357416	104.499	0	0.0664803	0	0	0	0	1.1579	106.081	21.9591
30	0.358293	104.468	0	0.170131	0	0	0	0	1.10266	106.099	21.9591
31	0.347221	104.484	0	0.079168	0	0	0	0	1.12333	106.034	21.9591
32	0.333289	104.436	0	0.262413	0	0	0	0	1.07058	106.102	21.9591
33	0.341094	104.467	0	0.0963884	0	0	0	0	1.10347	106.008	21.9591
34	0.342557	104.496	0	0.0586739	0	0	0	0	1.08007	105.978	21.9591
35	0.348602	104.486	0	0.0555947	0	0	0	0	1.07	105.96	21.9591
36	0.361401	104.464	0	0.0648003	0	0	0	0	1.04334	105.934	21.9591
37	0.398354	104.43	0	0.068698	0	0	0	0	0.975389	105.873	21.9591
38	0.44843	104.394	0	0.0633217	0	0	0	0	0.86424	105.77	21.9591
39	0.501005	104.335	0	0.171086	0	0	0	0	0.799416	105.807	21.9591
40	0.459278	104.369	0	0.0810093	0	0	0	0	0.817246	105.726	21.9591
41	0.455913	104.358	0	0.0642007	0	0	0	0	0.79304	105.671	21.9591
42	0.435303	104.377	0	0.0524116	0	0	0	0	0.774687	105.639	21.9591
43	0.420362	104.389	0	0.0582983	0	0	0	0	0.75965	105.628	21.9591
44	0.405984	104.41	0	0.0572852	0	0	0	0	0.737748	105.611	21.9591
45	0.367214	104.472	0	0.0587333	0	0	0	0	0.65144	105.549	21.9591
46	0.3186	104.586	0	0.0532596	0	0	0	0	0.51415	105.472	21.9591
47	0.294249	104.665	0	0.0273392	0	0	0	0	0.420483	105.407	21.9591
48	0.302332	104.633	0	0.0238938	0	0	0	0	0.401475	105.361	21.9591
49	0.326455	104.52	0	0.0870768	0	0	0	0	0.366392	105.299	21.9591
50	0.30836	104.566	0	0.0448833	0	0	0	0	0.35799	105.278	21.9591
51	0.307292	104.564	0	0.0439613	0	0	0	0	0.355207	105.27	21.9591
52	0.312332	104.532	0	0.0601833	0	0	0	0	0.352585	105.257	21.9591
53	0.316924	104.533	0	0.0523095	0	0	0	0	0.347293	105.25	21.9591
54	0.340816	104.512	0	0.0395354	0	0	0	0	0.340138	105.233	21.9591
55	0.355682	104.503	0	0.0332435	0	0	0	0	0.332987	105.225	21.9591
56	0.357316	104.492	0	0.03681	0	0	0	0	0.33047	105.217	21.9591
57	0.355669	104.481	0	0.0476839	0	0	0	0	0.327581	105.212	21.9591
58	0.354433	104.478	0	0.0508714	0	0	0	0	0.326393	105.21	21.9591
59	0.354275	104.474	0	0.0536586	0	0	0	0	0.325414	105.208	21.9591
60	0.356616	104.471	0	0.0525835	0	0	0	0	0.325224	105.206	21.9591
61	0.360934	104.467	0	0.0510653	0	0	0	0	0.324893	105.204	21.9591
62	0.378707	104.445	0	0.0515081	0	0	0	0	0.327379	105.203	21.9591
63	0.375728	104.448	0	0.0505644	0	0	0	0	0.32657	105.201	21.9591
64	0.375653	104.448	0	0.0503826	0	0	0	0	0.326139	105.201	21.9591
65	0.375654	104.449	0	0.0503755	0	0	0	0	0.326002	105.201	21.9591
66	0.375473	104.449	0	0.0501179	0	0	0	0	0.325684	105.2	21.9591
1	45.2564	102.123	0	49.6808	0	0	0	0	11.3214	208.381	35.3852
2	9883.89	109.564	0	3.13353e+07	1.31904e+06	0	0	5.86899e+06	4317.13	3.85377e+07	35.3852
3	377.283	103.617	0	5205.01	0	0	0	0	46.1401	5732.05	35.3852
4	4.33124	102.499	0	6.2731	0	0	0	0	7.78269	120.886	35.3852
5	3.22494	102.64	0	0.0746286	0	0	0	0	7.38154	113.321	35.3852
6	2.81066	102.629	0	0.0330017	0	0	0	0	7.27364	112.747	35.3852
7	1.44657	102.454	0	0.307627	0	0	0	0	6.63813	110.847	35.3852
8	1.05399	102.325	0	0.0950458	0	0	0	0	6.14953	109.623	35.3852
9	0.917822	102.022	0	0.0792712	0	0	0	0	5.4202	108.439	35.3852
10	0.769325	101.948	0	0.00625302	0	0	0	0	5.05242	107.776	35.3852
11	0.629611	101.734	0	0.00326218	0	0	0	0	4.22551	106.592	35.3852
12	0.850835	101.324	0	1.05394	0	0	0	0	2.94332	106.172	35.3852
13	0.578072	101.611	0	0.00700356	0	0	0	0	3.75183	105.948	35.3852
14	1.00794	101.198	0	1.95008	0	0	0	0	2.40225	106.558	35.3852
15	0.671561	101.414	0	0.101733	0	0	0	0	2.99466	105.182	35.3852
16	2.6416	101.291	0	9.03364	0	0	0	0	2.2716	115.238	35.3852
17	0.743338	101.387	0	0.0842543	0	0	0	0	2.69204	104.907	35.3852
18	0.846818	101.351	0	0.0588279	0	0	0	0	2.31179	104.568	35.3852
19	0.92655	101.314	0	0.0510237	0	0	0	0	1.75114	104.042	35.3852
20	0.989016	101.233	0	0.0885571	0	0	0	0	1.28238	103.593	35.3852
21	0.970893	101.303	0	0.00338296	0	0	0	0	1.15497	103.433	35.3852
22	0.896565	101.288	0	0.00805505	0	0	0	0	1.09241	103.285	35.3852
23	0.571972	101.153	0	0.201502	0	0	0	0	0.818027	102.745	35.3852
24	0.472314	101.143	0	0.0239264	0	0	0	0	0.787632	102.427	35.3852
25	0.313535	101.078	0	0.0137762	0	0	0	0	0.784049	102.189	35.3852
26	0.213828	100.858	0	1.42683	0	0	0	0	0.805458	103.304	35.3852
27	0.269811	101.025	0	0.0295261	0	0	0	0	0.782335	102.107	35.3852
28	0.359387	100.822	0	0.0931976	0	0	0	0	0.761818	102.037	35.3852
29	0.246828	100.936	0	0.0196658	0	0	0	0	0.7671	101.97	35.3852
30	0.280599	100.802	0	0.134401	0	0	0	0	0.749281	101.966	35.3852
31	0.253402	100.89	0	0.0276723	0	0	0	0	0.759993	101.931	35.3852
32	0.310791	100.736	0	0.386253	0	0	0	0	0.706269	102.139	35.3852
33	0.263101	100.844	0	0.0433021	0	0	0	0	0.741996	101.893	35.3852
34	0.356481	100.724	0	0.10817	0	0	0	0	0.672586	101.861	35.3852
35	0.338868	100.716	0	0.0374916	0	0	0	0	0.674655	101.767	35.3852
36	0.319896	100.697	0	0.0615653	0	0	0	0	0.658925	101.737	35.3852
37	0.337909	100.669	0	0.0636705	0	0	0	0	0.640831	101.711	35.3852
38	0.381098	100.611	0	0.0760174	0	0	0	0	0.612671	101.681	35.3852
39	0.457216	100.524	0	0.0858659	0	0	0	0	0.580353	101.648	35.3852
40	0.490737	100.498	0	0.0672136	0	0	0	0	0.560085	101.616	35.3852
41	0.466857	100.518	0	0.0552688	0	0	0	0	0.552434	101.593	35.3852
42	0.483013	100.495	0	0.0622831	0	0	0	0	0.541291	101.581	35.3852
43	0.49618	100.487	0	0.0577617	0	0	0	0	0.529238	101.57	35.3852
44	0.489769	100.495	0	0.059626	0	0	0	0	0.499602	101.544	35.3852
45	0.45692	100.545	0	0.0445547	0	0	0	0	0.458761	101.505	35.3852
46	0.395313	100.622	0	0.0624747	0	0	0	0	0.432156	101.512	35.3852
47	0.424509	100.58	0	0.045343	0	0	0	0	0.443341	101.493	35.3852
48	0.381258	100.626	0	0.041621	0	0	0	0	0.428263	101.477	35.3852
49	0.364591	100.641	0	0.0463719	0	0	0	0	0.421017	101.473	35.3852
50	0.357563	100.648	0	0.0488136	0	0	0	0	0.415338	101.469	35.3852
51	0.350623	100.654	0	0.0535855	0	0	0	0	0.402997	101.461	35.3852
52	0.366741	100.636	0	0.0768256	0	0	0	0	0.369783	101.449	35.3852
53	0.362426	100.64	0	0.0640323	0	0	0	0	0.355336	101.421	35.3852
54	0.378584	100.625	0	0.0504826	0	0	0	0	0.325454	101.379	35.3852
55	0.392604	100.607	0	0.0471595	0	0	0	0	0.31163	101.359	35.3852
56	0.372641	100.624	0	0.0538761	0	0	0	0	0.296243	101.347	35.3852
57	0.388812	100.62	0	0.0447728	0	0	0	0	0.28899	101.342	35.3852
58	0.382549	100.624	0	0.0457591	0	0	0	0	0.286077	101.339	35.3852
59	0.377388	100.629	0	0.0460696	0	0	0	0	0.282254	101.335	35.3852
60	0.373725	100.631	0	0.0477804	0	0	0	0	0.276415	101.329	35.3852
61	0.370003	100.636	0	0.0480885	0	0	0	0	0.270661	101.325	35.3852
62	0.374756	100.628	0	0.046066	0	0	0	0	0.270767	101.32	35.3852
63	0.377621	100.624	0	0.0467593	0	0	0	0	0.270911	101.319	35.3852
64	0.379927	100.62	0	0.04737	0	0	0	0	0.271349	101.318	35.3852
65	0.379245	100.619	0	0.0490747	0	0	0	0	0.270881	101.318	35.3852
66	0.378247	100.619	0	0.0502059	0	0	0	0	0.270274	101.318	35.3852
67	0.377134	100.621	0	0.0501169	0	0	0	0	0.269199	101.317	35.3852
68	0.374662	100.625	0	0.0493268	0	0	0	0	0.267884	101.317	35.3852
69	0.37576	100.625	0	0.0475573	0	0	0	0	0.267973	101.316	35.3852
70	0.376762	100.624	0	0.0469456	0	0	0	0	0.268238	101.316	35.3852
1	42.9234	102.871	0	47.8909	0	0	0	0	12.4665	206.152	24.5307
2	9636.26	110.417	0	2.99788e+07	1.58386e+06	0	0	5.75192e+06	4477.04	3.73288e+07	24.5307
3	362.359	104.379	0	5094.16	0	0	0	0	47.6512	5608.55	24.5307
4	4.16641	103.25	0	5.97522	0	0	0	0	8.9019	122.293	24.5307
5	3.07953	103.391	0	0.0431021	0	0	0	0	8.51262	115.027	24.5307
6	2.68265	103.378	0	0.0177593	0	0	0	0	8.40319	114.481	24.5307
7	1.22633	103.175	0	0.347875	0	0	0	0	7.69303	112.442	24.5307
8	0.781834	103.006	0	0.114665	0	0	0	0	7.11337	111.016	24.5307
9	0.935687	102.599	0	0.0786896	0	0	0	0	6.25709	109.871	24.5307
10	0.665921	102.536	0	0.00571559	0	0	0	0	5.93054	109.138	24.5307
11	0.626617	102.326	0	0.00484906	0	0	0	0	5.26472	108.222	24.5307
12	0.802762	101.812	0	0.0787961	0	0	0	0	3.83414	106.528	24.5307
13	0.929947	101.931	0	0.0349611	0	0	0	0	3.68685	106.583	24.5307
14	0.747083	101.861	0	0.00224229	0	0	0	0	3.74767	106.358	24.5307
15	0.775611	101.776	0	0.0481915	0	0	0	0	3.40618	106.006	24.5307
16	0.727465	101.751	0	0.138303	0	0	0	0	3.09095	105.707	24.5307
17	1.03122	101.647	0	0.577381	0	0	0	0	2.32343	105.579	24.5307
18	0.797065	101.704	0	0.137722	0	0	0	0	2.6957	105.334	24.5307
19	0.976953	101.69	0	0.00567272	0	0	0	0	2.12305	104.796	24.5307
20	1.10173	101.505	0	0.0422921	0	0	0	0	1.71524	104.364	24.5307
21	1.03917	101.335	0	0.0126527	0	0	0	0	1.40791	103.794	24.5307
22	0.821876	101.186	0	0.0275452	0	0	0	0	1.24302	103.279	24.5307
23	0.416331	101.034	0	0.341615	0	0	0	0	1.22449	103.017	24.5307
24	0.610129	101.118	0	0.0356707	0	0	0	0	1.20013	102.964	24.5307
25	0.55607	100.932	0	1.79545	0	0	0	0	1.14723	104.431	24.5307
26	0.471925	101.053	0	0.034936	0	0	0	0	1.15884	102.719	24.5307
27	0.365927	100.97	0	0.170901	0	0	0	0	1.12248	102.63	24.5307
28	0.413279	101.022	0	0.0404639	0	0	0	0	1.14059	102.617	24.5307
29	0.384787	100.907	0	0.798506	0	0	0	0	1.05054	103.141	24.5307
30	0.375943	100.982	0	0.0293285	0	0	0	0	1.10246	102.489	24.5307
31	0.318418	100.788	0	2.73548	0	0	0	0	0.959354	104.802	24.5307
32	0.361324	100.957	0	0.0548097	0	0	0	0	1.0787	102.452	24.5307
33	0.37566	100.931	0	0.171635	0	0	0	0	0.977549	102.455	24.5307
34	0.362273	100.944	0	0.0687527	0	0	0	0	1.01194	102.387	24.5307
35	0.347201	100.957	0	0.0677472	0	0	0	0	0.986755	102.358	24.5307
36	0.349311	100.947	0	0.0586865	0	0	0	0	0.963882	102.319	24.5307
37	0.370148	100.919	0	0.0695309	0	0	0	0	0.915481	102.274	24.5307
38	0.419507	100.881	0	0.0647555	0	0	0	0	0.85653	102.222	24.5307
39	0.497454	100.827	0	0.0439546	0	0	0	0	0.773275	102.142	24.5307
40	0.539156	100.744	0	0.0790345	0	0	0	0	0.701954	102.064	24.5307
41	0.534778	100.753	0	0.0602252	0	0	0	0	0.693631	102.042	24.5307
42	0.503565	100.774	0	0.0578442	0	0	0	0	0.689207	102.025	24.5307
43	0.48295	100.787	0	0.0636953	0	0	0	0	0.682926	102.017	24.5307
44	0.434281	100.831	0	0.0712376	0	0	0	0	0.653663	101.99	24.5307
45	0.374369	100.906	0	0.0718076	0	0	0	0	0.601951	101.954	24.5307
46	0.316773	101.029	0	0.0600542	0	0	0	0	0.527714	101.933	24.5307
47	0.302402	101.036	0	0.0447506	0	0	0	0	0.519343	101.902	24.5307
48	0.301645	101.038	0	0.0413345	0	0	0	0	0.510199	101.892	24.5307
49	0.300007	101.052	0	0.0371766	0	0	0	0	0.492545	101.882	24.5307
50	0.29238	101.085	0	0.0343145	0	0	0	0	0.450552	101.862	24.5307
51	0.28006	101.131	0	0.0379695	0	0	0	0	0.375864	101.824	24.5307
52	0.311366	101.218	0	0.0999522	0	0	0	0	0.272433	101.902	24.5307
53	0.275825	101.156	0	0.0391243	0	0	0	0	0.337768	101.809	24.5307
54	0.268664	101.176	0	0.0427115	0	0	0	0	0.281593	101.769	24.5307
55	0.274385	101.159	0	0.0392417	0	0	0	0	0.262603	101.735	24.5307
56	0.305525	101.071	0	0.0367722	0	0	0	0	0.274269	101.687	24.5307
57	0.356335	100.922	0	0.118026	0	0	0	0	0.314328	101.71	24.5307
58	0.325488	101.006	0	0.0461689	0	0	0	0	0.289776	101.667	24.5307
59	0.342976	100.963	0	0.0575431	0	0	0	0	0.301357	101.664	24.5307
60	0.329313	100.99	0	0.0439859	0	0	0	0	0.290941	101.655	24.5307
61	0.332776	100.981	0	0.0468332	0	0	0	0	0.290655	101.651	24.5307
62	0.347503	100.956	0	0.0503384	0	0	0	0	0.290432	101.645	24.5307
63	0.381667	100.909	0	0.0524756	0	0	0	0	0.293117	101.636	24.5307
64	0.443901	100.851	0	0.0675723	0	0	0	0	0.297451	101.66	24.5307
65	0.393382	100.895	0	0.0533014	0	0	0	0	0.291946	101.633	24.5307
66	0.403372	100.884	0	0.0501093	0	0	0	0	0.292409	101.63	24.5307
67	0.404925	100.885	0	0.0479562	0	0	0	0	0.290754	101.629	24.5307
68	0.403206	100.888	0	0.0469773	0	0	0	0	0.288623	101.627	24.5307
69	0.393913	100.902	0	0.0452611	0	0	0	0	0.283123	101.624	24.5307
70	0.385662	100.911	0	0.0470145	0	0	0	0	0.279928	101.624	24.5307
71	0.380745	100.916	0	0.0460257	0	0	0	0	0.278385	101.621	24.5307
72	0.378413	100.917	0	0.047467	0	0	0	0	0.277548	101.62	24.5307
73	0.376874	100.917	0	0.0486817	0	0	0	0	0.276914	101.62	24.5307
74	0.375501	100.918	0	0.0494098	0	0	0	0	0.276088	101.619	24.5307
75	0.375543	100.919	0	0.0492116	0	0	0	0	0.275226	101.619	24.5307
76	0.379341	100.917	0	0.0466758	0	0	0	0	0.275607	101.619	24.5307
77	0.377004	100.918	0	0.0480381	0	0	0	0	0.275343	101.618	24.5307
78	0.379591	100.916	0	0.0471136	0	0	0	0	0.275662	101.618	24.5307
1	38.5516	105.416	0	46.5072	0	0	0	0	14.6841	205.159	14.2385
2	8538.83	113.336	0	2.318e+07	3.07824e+06	0	0	5.11195e+06	4820.59	3.13836e+07	14.2385
3	281.764	106.929	0	3725.97	0	0	0	0	46.3786	4161.04	14.2385
4	3.64564	105.816	0	5.49021	0	0	0	0	10.8373	125.79	14.2385
5	2.82109	105.96	0	0.0320099	0	0	0	0	10.448	119.261	14.2385
6	2.4629	105.947	0	0.0103897	0	0	0	0	10.329	118.75	14.2385
7	1.04986	105.721	0	0.272147	0	0	0	0	9.46645	116.51	14.2385
8	0.621478	105.507	0	0.0988344	0	0	0	0	8.74402	114.971	14.2385
9	1.05875	104.892	0	0.135566	0	0	0	0	7.4659	113.552	14.2385
10	0.755971	104.749	0	0.0196519	0	0	0	0	6.87028	112.395	14.2385
11	0.754786	104.49	0	0.0166695	0	0	0	0	6.0901	111.351	14.2385
12	0.983964	103.819	0	0.542071	0	0	0	0	4.46367	109.809	14.2385
13	0.625633	104.136	0	0.0128041	0	0	0	0	5.00749	109.782	14.2385
14	1.02442	103.654	0	1.12219	0	0	0	0	4.05175	109.852	14.2385
15	0.751171	103.884	0	0.223456	0	0	0	0	4.42039	109.279	14.2385
16	5.12939	103.429	0	63.3575	0	0	0	0	4.59479	176.511	14.2385
17	0.887986	103.811	0	0.0535707	0	0	0	0	4.19335	108.946	14.2385
18	0.836295	103.8	0	0.0475267	0	0	0	0	4.03742	108.721	14.2385
19	0.84014	103.672	0	0.0563382	0	0	0	0	2.98425	107.553	14.2385
20	0.850629	103.564	0	0.0151019	0	0	0	0	2.43212	106.862	14.2385
21	0.994071	103.079	0	0.890685	0	0	0	0	1.98817	106.952	14.2385
22	0.87864	103.322	0	0.161814	0	0	0	0	2.06199	106.424	14.2385
23	0.938093	103.016	0	0.0194761	0	0	0	0	2.07332	106.047	14.2385
24	0.722321	103.116	0	0.0104986	0	0	0	0	1.82884	105.678	14.2385
25	0.63853	103.003	0	0.141249	0	0	0	0	1.69698	105.479	14.2385
26	0.600292	103.025	0	0.0249773	0	0	0	0	1.61767	105.268	14.2385
27	0.493431	102.946	0	0.102587	0	0	0	0	1.51324	105.055	14.2385
28	0.451151	102.967	0	0.0623395	0	0	0	0	1.51562	104.996	14.2385
29	0.43024	102.953	0	0.0692321	0	0	0	0	1.47124	104.923	14.2385
30	0.415852	102.927	0	0.145049	0	0	0	0	1.38751	104.875	14.2385
31	0.438783	102.95	0	0.104355	0	0	0	0	1.32849	104.822	14.2385
32	0.444968	102.982	0	0.0627872	0	0	0	0	1.25766	104.747	14.2385
33	0.431666	103.055	0	0.0915337	0	0	0	0	1.0355	104.614	14.2385
34	0.383784	103.193	0	0.0266064	0	0	0	0	0.999787	104.603	14.2385
35	0.385898	103.123	0	0.0177704	0	0	0	0	0.961692	104.488	14.2385
36	0.382531	103.066	0	0.0388409	0	0	0	0	0.949496	104.437	14.2385
37	0.373466	103.035	0	0.0636794	0	0	0	0	0.922162	104.394	14.2385
38	0.367827	103.038	0	0.0752998	0	0	0	0	0.867385	104.349	14.2385
39	0.382549	103.063	0	0.0493633	0	0	0	0	0.822759	104.317	14.2385
40	0.378359	103.042	0	0.0523951	0	0	0	0	0.801105	104.274	14.2385
41	0.418356	102.959	0	0.0897131	0	0	0	0	0.713728	104.181	14.2385
42	0.463937	102.915	0	0.0778415	0	0	0	0	0.662099	104.118	14.2385
43	0.526147	102.881	0	0.064674	0	0	0	0	0.619793	104.091	14.2385
44	0.514278	102.89	0	0.0440321	0	0	0	0	0.608812	104.057	14.2385
45	0.495132	102.914	0	0.0376457	0	0	0	0	0.596702	104.043	14.2385
46	0.447717	102.963	0	0.0377486	0	0	0	0	0.54495	103.994	14.2385
47	0.37365	103.06	0	0.0418994	0	0	0	0	0.428814	103.904	14.2385
48	0.323816	103.125	0	0.0541758	0	0	0	0	0.338369	103.841	14.2385
49	0.329127	103.222	0	0.158427	0	0	0	0	0.31494	104.025	14.2385
50	0.315407	103.144	0	0.0455235	0	0	0	0	0.324719	103.83	14.2385
51	0.316637	103.138	0	0.0457151	0	0	0	0	0.315274	103.815	14.2385
52	0.328855	103.117	0	0.045831	0	0	0	0	0.318648	103.811	14.2385
53	0.346523	103.089	0	0.045588	0	0	0	0	0.325082	103.806	14.2385
54	0.368155	103.05	0	0.0512701	0	0	0	0	0.330965	103.8	14.2385
55	0.399524	103.007	0	0.0519277	0	0	0	0	0.336004	103.794	14.2385
56	0.401635	103.005	0	0.0481349	0	0	0	0	0.334404	103.79	14.2385
57	0.393995	103.015	0	0.0476976	0	0	0	0	0.3315	103.789	14.2385
58	0.392678	103.017	0	0.0479132	0	0	0	0	0.331002	103.789	14.2385
59	0.392604	103.015	0	0.0496603	0	0	0	0	0.330512	103.788	14.2385
60	0.393192	103.014	0	0.0501876	0	0	0	0	0.330298	103.788	14.2385
1	35.1173	107.381	0	44.8555	0	0	0	0	16.7013	204.055	17.312
2	7836.72	115.536	0	1.95112e+07	4.29825e+06	0	0	4.69423e+06	5115.52	2.85167e+07	17.312
3	225.101	108.857	0	2765.57	0	0	0	0	44.6916	3144.22	17.312
4	3.28406	107.79	0	5.08779	0	0	0	0	12.694	128.856	17.312
5	2.60417	107.932	0	0.0297509	0	0	0	0	12.3023	122.869	17.312
6	2.28215	107.919	0	0.0093168	0	0	0	0	12.1718	122.383	17.312
7	0.912786	107.672	0	0.251929	0	0	0	0	11.1282	119.964	17.312
8	0.562345	107.426	0	0.0782281	0	0	0	0	10.2276	118.294	17.312
9	1.11624	106.774	0	0.20601	0	0	0	0	8.69293	116.789	17.312
10	0.708493	106.703	0	0.00370231	0	0	0	0	8.09475	115.51	17.312
11	1.1018	106.272	0	0.0268244	0	0	0	0	6.8294	114.23	17.312
12	1.87923	105.625	0	1.75262	0	0	0	0	5.16989	114.427	17.312
13	1.05826	105.925	0	0.0376022	0	0	0	0	5.64667	112.668	17.312
14	0.922947	105.79	0	0.0178194	0	0	0	0	5.13908	111.87	17.312
15	1.04597	105.576	0	1.43371	0	0	0	0	4.60793	112.663	17.312
16	0.924117	105.719	0	0.10652	0	0	0	0	4.93801	111.688	17.312
17	1.06233	105.729	0	1.55145	0	0	0	0	4.43908	112.782	17.312
18	0.885892	105.722	0	0.127372	0	0	0	0	4.76415	111.499	17.312
19	0.735088	105.766	0	0.0999899	0	0	0	0	4.51519	111.116	17.312
20	0.821711	105.686	0	0.0316171	0	0	0	0	3.65102	110.19	17.312
21	1.15706	105.395	0	0.0742196	0	0	0	0	2.71708	109.343	17.312
22	0.887265	105.385	0	0.00325673	0	0	0	0	2.45039	108.726	17.312
23	0.600613	105.285	0	0.77104	0	0	0	0	2.19478	108.851	17.312
24	0.716967	105.334	0	0.05711	0	0	0	0	2.2974	108.406	17.312
25	0.563775	105.307	0	0.108154	0	0	0	0	2.13365	108.113	17.312
26	0.492997	105.179	0	0.114811	0	0	0	0	1.85157	107.638	17.312
27	0.465021	105.222	0	0.0341608	0	0	0	0	1.8402	107.562	17.312
28	0.434322	105.143	0	0.0403971	0	0	0	0	1.72636	107.344	17.312
29	0.434476	104.694	0	5.90553	0	0	0	0	1.41189	112.446	17.312
30	0.416102	105.041	0	0.0303788	0	0	0	0	1.59461	107.082	17.312
31	0.443299	104.741	0	4.09327	0	0	0	0	1.37302	110.651	17.312
32	0.405799	105.001	0	0.0630253	0	0	0	0	1.54703	107.017	17.312
33	0.476466	104.885	0	0.6886	0	0	0	0	1.42714	107.477	17.312
34	0.404185	104.975	0	0.0861392	0	0	0	0	1.51327	106.979	17.312
35	0.431395	104.957	0	0.102799	0	0	0	0	1.47664	106.968	17.312
36	0.430477	104.953	0	0.0841404	0	0	0	0	1.4359	106.904	17.312
37	0.463414	104.921	0	0.0833255	0	0	0	0	1.30681	106.774	17.312
38	0.511821	104.89	0	0.0623174	0	0	0	0	1.20918	106.673	17.312
39	0.544398	104.859	0	0.061969	0	0	0	0	1.18541	106.65	17.312
40	0.524636	104.864	0	0.0470323	0	0	0	0	1.1768	106.613	17.312
41	0.517108	104.857	0	0.0545834	0	0	0	0	1.15937	106.588	17.312
42	0.514246	104.85	0	0.0741668	0	0	0	0	1.11306	106.552	17.312
43	0.511387	104.857	0	0.084677	0	0	0	0	1.0446	106.497	17.312
44	0.481083	104.926	0	0.0932825	0	0	0	0	0.770393	106.271	17.312
45	0.475751	105.092	0	0.194121	0	0	0	0	0.530754	106.293	17.312
46	0.452625	105.002	0	0.111346	0	0	0	0	0.625657	106.192	17.312
47	0.375562	105.102	0	0.0538693	0	0	0	0	0.509866	106.042	17.312
48	0.340899	105.134	0	0.038993	0	0	0	0	0.473217	105.987	17.312
49	0.319384	105.144	0	0.0529093	0	0	0	0	0.438881	105.955	17.312
50	0.323388	105.14	0	0.0459743	0	0	0	0	0.437403	105.947	17.312
51	0.331546	105.13	0	0.0472923	0	0	0	0	0.429018	105.938	17.312
52	0.346276	105.119	0	0.0431091	0	0	0	0	0.416419	105.924	17.312
53	0.366499	105.087	0	0.0464791	0	0	0	0	0.405067	105.905	17.312
54	0.438539	105.023	0	0.0836513	0	0	0	0	0.414451	105.96	17.312
55	0.376845	105.072	0	0.0458117	0	0	0	0	0.404367	105.899	17.312
56	0.387448	105.044	0	0.0451254	0	0	0	0	0.409454	105.886	17.312
57	0.406661	104.999	0	0.0480156	0	0	0	0	0.42167	105.876	17.312
58	0.415903	104.983	0	0.0500628	0	0	0	0	0.422992	105.872	17.312
59	0.429297	104.964	0	0.0489367	0	0	0	0	0.424879	105.867	17.312
60	0.431416	104.963	0	0.0488669	0	0	0	0	0.423041	105.866	17.312
61	0.432271	104.96	0	0.0507663	0	0	0	0	0.42281	105.865	17.312
62	0.431372	104.96	0	0.0512995	0	0	0	0	0.421424	105.865	17.312
63	0.428948	104.964	0	0.0506648	0	0	0	0	0.42069	105.864	17.312
64	0.425439	104.969	0	0.0498591	0	0	0	0	0.419336	105.864	17.312
65	0.423828	104.972	0	0.0489055	0	0	0	0	0.418654	105.864	17.312
1	37.1884	106.301	0	45.75	0	0	0	0	18.2367	207.476	35.8552
2	8214.35	114.333	0	2.14215e+07	3.61811e+06	0	0	4.92111e+06	4961.48	2.9974e+07	35.8552
3	255.579	107.802	0	3277.38	0	0	0	0	48.4106	3689.17	35.8552
4	3.49741	106.706	0	5.37687	0	0	0	0	14.2777	129.858	35.8552
5	2.75879	106.852	0	0.0304556	0	0	0	0	13.8768	123.518	35.8552
6	2.41093	106.84	0	0.00975959	0	0	0	0	13.747	123.008	35.8552
7	1.01327	106.611	0	0.227314	0	0	0	0	12.7337	120.585	35.8552
8	0.63905	106.374	0	0.0763471	0	0	0	0	11.8358	118.926	35.8552
9	1.07623	105.707	0	0.114125	0	0	0	0	10.1295	117.027	35.8552
10	1.19234	105.403	0	0.0577419	0	0	0	0	8.90273	115.556	35.8552
11	1.01076	105.178	0	0.00137287	0	0	0	0	7.75641	113.947	35.8552
12	1.67003	104.396	0	2.31844	0	0	0	0	5.96039	114.345	35.8552
13	1.18546	104.776	0	0.0746795	0	0	0	0	6.63949	112.676	35.8552
14	1.50418	104.543	0	0.0571487	0	0	0	0	5.77506	111.88	35.8552
15	1.01524	104.59	0	0.0266373	0	0	0	0	5.68187	111.313	35.8552
16	1.06316	104.438	0	0.616721	0	0	0	0	5.16583	111.284	35.8552
17	0.999226	104.526	0	0.114117	0	0	0	0	5.45091	111.09	35.8552
18	1.02107	104.493	0	0.106145	0	0	0	0	4.90768	110.527	35.8552
19	1.1073	104.389	0	0.0597222	0	0	0	0	4.12829	109.684	35.8552
20	1.28218	104.077	0	0.0376145	0	0	0	0	3.19872	108.596	35.8552
21	0.90873	103.784	0	0.152219	0	0	0	0	2.64371	107.489	35.8552
22	0.721876	103.83	0	0.00707307	0	0	0	0	2.48651	107.045	35.8552
23	0.642925	103.733	0	0.287689	0	0	0	0	2.33333	106.997	35.8552
24	0.68399	103.8	0	0.00967478	0	0	0	0	2.43229	106.926	35.8552
25	0.538523	103.616	0	7.68373	0	0	0	0	2.11137	113.949	35.8552
26	0.639661	103.772	0	0.0283454	0	0	0	0	2.36643	106.807	35.8552
27	0.4728	103.723	0	0.330426	0	0	0	0	2.18194	106.709	35.8552
28	0.557684	103.752	0	0.066834	0	0	0	0	2.28106	106.657	35.8552
29	0.437879	103.737	0	1.04667	0	0	0	0	2.0795	107.301	35.8552
30	0.507556	103.748	0	0.0974754	0	0	0	0	2.21477	106.567	35.8552
31	0.483755	103.768	0	0.100435	0	0	0	0	2.13706	106.49	35.8552
32	0.467363	103.787	0	0.113715	0	0	0	0	2.05418	106.422	35.8552
33	0.451418	103.843	0	0.102075	0	0	0	0	1.88084	106.277	35.8552
34	0.44955	104.054	0	0.745568	0	0	0	0	1.43743	106.687	35.8552
35	0.430024	103.913	0	0.134808	0	0	0	0	1.67249	106.15	35.8552
36	0.401861	104.051	0	0.0271772	0	0	0	0	1.48297	105.963	35.8552
37	0.390996	104.053	0	0.0333844	0	0	0	0	1.44249	105.92	35.8552
38	0.380603	104.028	0	0.0618846	0	0	0	0	1.31833	105.789	35.8552
39	0.40276	103.976	0	0.0542701	0	0	0	0	1.22441	105.658	35.8552
40	0.474422	103.806	0	0.25688	0	0	0	0	1.06821	105.605	35.8552
41	0.431212	103.888	0	0.107492	0	0	0	0	1.12743	105.554	35.8552
42	0.538323	103.806	0	0.044225	0	0	0	0	1.03454	105.423	35.8552
43	0.557736	103.741	0	0.0549112	0	0	0	0	0.992506	105.347	35.8552
44	0.641571	103.647	0	0.0586078	0	0	0	0	0.920668	105.267	35.8552
45	0.655162	103.611	0	0.0725417	0	0	0	0	0.882391	105.221	35.8552
46	0.63755	103.608	0	0.0811678	0	0	0	0	0.857951	105.184	35.8552
47	0.609867	103.625	0	0.0920263	0	0	0	0	0.76963	105.097	35.8552
48	0.581184	103.67	0	0.0947576	0	0	0	0	0.659377	105.005	35.8552
49	0.521569	103.758	0	0.0613452	0	0	0	0	0.570004	104.911	35.8552
50	0.475841	103.816	0	0.0498671	0	0	0	0	0.536617	104.878	35.8552
51	0.472187	103.813	0	0.0539993	0	0	0	0	0.531731	104.871	35.8552
52	0.472401	103.816	0	0.0514296	0	0	0	0	0.524378	104.864	35.8552
53	0.468546	103.829	0	0.048571	0	0	0	0	0.508874	104.855	35.8552
54	0.461087	103.846	0	0.0451817	0	0	0	0	0.492275	104.845	35.8552
55	0.460571	103.876	0	0.0413556	0	0	0	0	0.474662	104.853	35.8552
56	0.45924	103.858	0	0.0391162	0	0	0	0	0.482748	104.839	35.8552
57	0.454151	103.857	0	0.0413544	0	0	0	0	0.476091	104.829	35.8552
58	0.456287	103.844	0	0.0473699	0	0	0	0	0.474497	104.822	35.8552
59	0.470831	103.82	0	0.0503482	0	0	0	0	0.47855	104.82	35.8552
60	0.472237	103.816	0	0.0502645	0	0	0	0	0.479452	104.818	35.8552
61	0.477798	103.807	0	0.0497519	0	0	0	0	0.481821	104.817	35.8552
62	0.483265	103.8	0	0.0486772	0	0	0	0	0.483935	104.816	35.8552
63	0.488011	103.795	0	0.0481018	0	0	0	0	0.485457	104.816	35.8552
64	0.48857	103.794	0	0.0476523	0	0	0	0	0.4854	104.816	35.8552
1	37.1108	106.335	0	45.5468	0	0	0	0	21.4415	210.434	18.5334
2	8207.9	114.371	0	2.1416e+07	3.63492e+06	0	0	4.91816e+06	4988.37	2.99824e+07	18.5334
3	255.093	107.836	0	3279.97	0	0	0	0	51.7274	3694.63	18.5334
4	3.51801	106.74	0	5.4277	0	0	0	0	17.4546	133.141	18.5334
5	2.79487	106.888	0	0.0298203	0	0	0	0	17.0419	126.754	18.5334
6	2.4404	106.877	0	0.0095629	0	0	0	0	16.9038	126.231	18.5334
7	1.03877	106.653	0	0.189781	0	0	0	0	15.7915	123.673	18.5334
8	0.693299	106.403	0	0.0635124	0	0	0	0	14.749	121.909	18.5334
9	1.17108	105.683	0	0.0970903	0	0	0	0	12.6559	119.607	18.5334
10	1.56862	105.287	0	0.116892	0	0	0	0	10.8471	117.819	18.5334
11	1.33951	105.118	0	0.00135619	0	0	0	0	9.45318	115.912	18.5334
12	1.67131	104.538	0	0.347439	0	0	0	0	7.85547	114.412	18.5334
13	1.13015	104.701	0	0.0104642	0	0	0	0	7.86184	113.704	18.5334
14	1.03597	104.619	0	0.0417712	0	0	0	0	7.56412	113.261	18.5334
15	1.29756	104.393	0	0.246706	0	0	0	0	6.80056	112.738	18.5334
16	1.34586	104.341	0	0.0535326	0	0	0	0	6.45696	112.198	18.5334
17	1.79323	103.937	0	0.00374148	0	0	0	0	5.18121	110.915	18.5334
18	1.89859	103.691	0	0.370915	0	0	0	0	4.61087	110.571	18.5334
19	2.35974	103.632	0	0.00238986	0	0	0	0	4.12013	110.115	18.5334
20	1.56077	103.643	0	0.00768012	0	0	0	0	4.07102	109.283	18.5334
21	1.26318	103.59	0	0.183507	0	0	0	0	3.892	108.928	18.5334
22	1.10196	103.639	0	0.0965232	0	0	0	0	3.79996	108.638	18.5334
23	0.927572	103.708	0	0.0740996	0	0	0	0	3.64296	108.353	18.5334
24	0.871168	103.69	0	0.062626	0	0	0	0	3.37203	107.996	18.5334
25	0.846672	103.622	0	0.267058	0	0	0	0	3.10793	107.843	18.5334
26	1.50977	103.549	0	0.37686	0	0	0	0	2.94532	108.381	18.5334
27	0.947863	103.596	0	0.101536	0	0	0	0	3.01332	107.659	18.5334
28	0.952474	103.558	0	0.148727	0	0	0	0	2.97897	107.638	18.5334
29	0.765997	103.626	0	0.0130529	0	0	0	0	2.91588	107.321	18.5334
30	0.647064	103.633	0	0.0386214	0	0	0	0	2.74257	107.061	18.5334
31	0.589156	103.651	0	0.187511	0	0	0	0	2.57667	107.005	18.5334
32	0.552261	103.696	0	0.095746	0	0	0	0	2.47942	106.824	18.5334
33	0.501216	103.779	0	0.0921517	0	0	0	0	2.34713	106.72	18.5334
34	0.474011	103.849	0	0.0661839	0	0	0	0	2.23048	106.62	18.5334
35	0.442567	104.043	0	0.0082188	0	0	0	0	1.91411	106.408	18.5334
36	0.431274	104.116	0	0.0161309	0	0	0	0	1.62651	106.19	18.5334
37	0.468493	104.216	0	0.00549759	0	0	0	0	1.21267	105.903	18.5334
38	0.78036	104.193	0	0.0606911	0	0	0	0	1.0178	106.052	18.5334
39	0.492909	104.207	0	0.00655362	0	0	0	0	1.08797	105.794	18.5334
40	0.521905	104.128	0	0.00609819	0	0	0	0	1.01953	105.676	18.5334
41	0.646772	103.861	0	0.0241821	0	0	0	0	0.887314	105.42	18.5334
42	0.70836	103.679	0	0.0913317	0	0	0	0	0.837476	105.317	18.5334
43	0.646309	103.711	0	0.0698586	0	0	0	0	0.78441	105.212	18.5334
44	0.613119	103.696	0	0.0797913	0	0	0	0	0.750534	105.14	18.5334
45	0.604812	103.701	0	0.036708	0	0	0	0	0.743286	105.085	18.5334
46	0.613841	103.67	0	0.0313557	0	0	0	0	0.736562	105.052	18.5334
47	0.628449	103.617	0	0.0619911	0	0	0	0	0.729652	105.037	18.5334
48	0.629337	103.631	0	0.0504275	0	0	0	0	0.718999	105.03	18.5334
49	0.615047	103.652	0	0.0464714	0	0	0	0	0.698318	105.012	18.5334
50	0.593428	103.682	0	0.0547445	0	0	0	0	0.657286	104.988	18.5334
51	0.560284	103.718	0	0.0619763	0	0	0	0	0.625196	104.965	18.5334
52	0.501068	103.82	0	0.0553952	0	0	0	0	0.593413	104.97	18.5334
53	0.53119	103.763	0	0.0540328	0	0	0	0	0.608075	104.956	18.5334
54	0.523876	103.772	0	0.0490306	0	0	0	0	0.602509	104.948	18.5334
55	0.52806	103.764	0	0.0503896	0	0	0	0	0.603083	104.945	18.5334
56	0.544852	103.738	0	0.049371	0	0	0	0	0.607366	104.94	18.5334
57	0.5604	103.723	0	0.0512877	0	0	0	0	0.606021	104.94	18.5334
58	0.551405	103.731	0	0.0495602	0	0	0	0	0.606035	104.938	18.5334
59	0.555017	103.729	0	0.0462729	0	0	0	0	0.606666	104.937	18.5334
60	0.55631	103.729	0	0.0445397	0	0	0	0	0.606287	104.936	18.5334
61	0.557319	103.727	0	0.0446995	0	0	0	0	0.606267	104.936	18.5334
62	0.56031	103.722	0	0.0460659	0	0	0	0	0.606996	104.935	18.5334
63	0.566095	103.712	0	0.0475234	0	0	0	0	0.610319	104.936	18.5334
64	0.561905	103.719	0	0.0463901	0	0	0	0	0.607913	104.935	18.5334
1	37.9176	105.985	0	45.6401	0	0	0	0	25.6948	215.237	25.3089
2	8332.39	113.941	0	2.20939e+07	3.41653e+06	0	0	4.9934e+06	4956.82	3.05172e+07	25.3089
3	264.903	107.483	0	3462.08	0	0	0	0	56.7913	3891.25	25.3089
4	3.61218	106.385	0	5.70096	0	0	0	0	21.7065	137.405	25.3089
5	2.89924	106.537	0	0.0295525	0	0	0	0	21.2681	130.734	25.3089
6	2.53624	106.527	0	0.00967127	0	0	0	0	21.1232	130.196	25.3089
7	1.10434	106.306	0	0.129617	0	0	0	0	19.9048	127.445	25.3089
8	0.785817	106.028	0	0.0494104	0	0	0	0	18.6869	125.55	25.3089
9	1.15861	105.305	0	0.0237577	0	0	0	0	16.149	122.637	25.3089
10	1.75548	104.634	0	1.6442	0	0	0	0	12.9212	120.954	25.3089
11	1.24995	104.983	0	0.106804	0	0	0	0	14.4543	120.794	25.3089
12	2.86931	104.02	0	4.26442	0	0	0	0	10.3323	121.486	25.3089
13	1.27689	104.475	0	0.123682	0	0	0	0	11.5987	117.474	25.3089
14	1.43265	104.172	0	0.0112024	0	0	0	0	10.4369	116.053	25.3089
15	1.76694	103.872	0	0.455764	0	0	0	0	9.68677	115.781	25.3089
16	1.57178	103.943	0	0.123485	0	0	0	0	9.44165	115.08	25.3089
17	1.57335	103.904	0	0.00302171	0	0	0	0	8.88401	114.365	25.3089
18	1.80541	103.583	0	0.128266	0	0	0	0	7.19913	112.716	25.3089
19	4.28201	103.4	0	0.1145	0	0	0	0	6.11593	113.912	25.3089
20	2.11289	103.507	0	0.00136496	0	0	0	0	6.44486	112.066	25.3089
21	2.08194	103.351	0	0.00137804	0	0	0	0	6.02045	111.455	25.3089
22	1.90927	103.076	0	0.367704	0	0	0	0	5.39165	110.745	25.3089
23	1.72293	103.206	0	0.0086196	0	0	0	0	5.3086	110.246	25.3089
24	1.41876	103.25	0	0.0871116	0	0	0	0	5.02758	109.783	25.3089
25	0.999003	103.515	0	0.623596	0	0	0	0	4.58437	109.722	25.3089
26	1.15082	103.334	0	0.0533606	0	0	0	0	4.83769	109.375	25.3089
27	0.912759	103.45	0	0.381523	0	0	0	0	4.40673	109.151	25.3089
28	0.994442	103.389	0	0.0884419	0	0	0	0	4.61295	109.084	25.3089
29	1.00796	103.651	0	0.264269	0	0	0	0	4.1551	109.079	25.3089
30	0.89616	103.489	0	0.0247577	0	0	0	0	4.38887	108.799	25.3089
31	0.74485	103.521	0	0.224755	0	0	0	0	3.87961	108.37	25.3089
32	0.998853	103.473	0	0.163652	0	0	0	0	3.52712	108.163	25.3089
33	0.756718	103.497	0	0.0583876	0	0	0	0	3.66449	107.976	25.3089
34	0.740633	103.416	0	0.0748906	0	0	0	0	3.49061	107.723	25.3089
35	0.77958	103.068	0	0.890228	0	0	0	0	3.419	108.157	25.3089
36	0.694125	103.266	0	0.0709947	0	0	0	0	3.38113	107.412	25.3089
37	0.784152	103.129	0	0.371598	0	0	0	0	3.35058	107.636	25.3089
38	0.646632	103.211	0	0.0557803	0	0	0	0	3.35426	107.268	25.3089
39	0.628056	103.213	0	0.0960923	0	0	0	0	3.2842	107.221	25.3089
40	0.605101	103.261	0	0.0937596	0	0	0	0	3.1737	107.133	25.3089
41	0.602556	103.28	0	0.0923698	0	0	0	0	2.99783	106.973	25.3089
42	0.608948	103.351	0	0.0873413	0	0	0	0	2.6828	106.73	25.3089
43	0.597165	103.518	0	0.0557034	0	0	0	0	2.21275	106.383	25.3089
44	0.606704	103.655	0	0.0104448	0	0	0	0	1.82231	106.094	25.3089
45	0.477925	103.716	0	0.0158239	0	0	0	0	1.54692	105.757	25.3089
46	0.495169	103.595	0	0.018141	0	0	0	0	1.30287	105.411	25.3089
47	0.617132	103.224	0	0.445765	0	0	0	0	1.09037	105.377	25.3089
48	0.522969	103.487	0	0.0218724	0	0	0	0	1.20546	105.238	25.3089
49	0.699263	102.918	0	1.47618	0	0	0	0	1.00721	106.101	25.3089
50	0.572934	103.297	0	0.0829955	0	0	0	0	1.07887	105.032	25.3089
51	0.723488	103.095	0	0.107617	0	0	0	0	0.997543	104.923	25.3089
52	0.710387	103.084	0	0.0871764	0	0	0	0	0.971506	104.853	25.3089
53	0.739283	103.054	0	0.0695008	0	0	0	0	0.958226	104.821	25.3089
54	0.788964	103.015	0	0.0494009	0	0	0	0	0.943284	104.797	25.3089
55	0.782967	103.036	0	0.0385018	0	0	0	0	0.906172	104.763	25.3089
56	0.768029	103.063	0	0.0302142	0	0	0	0	0.837969	104.699	25.3089
57	0.660744	103.235	0	0.0912193	0	0	0	0	0.740711	104.728	25.3089
58	0.719055	103.131	0	0.0408326	0	0	0	0	0.786094	104.677	25.3089
59	0.674472	103.174	0	0.0357475	0	0	0	0	0.767992	104.652	25.3089
60	0.653092	103.187	0	0.0444876	0	0	0	0	0.762065	104.647	25.3089
61	0.65373	103.185	0	0.0454615	0	0	0	0	0.762654	104.647	25.3089
62	0.655739	103.181	0	0.0459597	0	0	0	0	0.763871	104.646	25.3089
63	0.660437	103.172	0	0.0471906	0	0	0	0	0.766087	104.646	25.3089
